,lon,lat,dep,mag,otime,atime,aphase,dist,start_file,end_file
234,-148.7311,64.8457,16.0,2.4,2016-08-06T22:59:36.000000Z,2016-08-06T22:59:45.054159Z,p,0.450383604206,20160806224945541,20160806231445541
264,-148.7492,65.0329,20.0,2.4,2016-08-19T00:52:42.000000Z,2016-08-19T00:52:51.786440Z,P,0.48203742571099994,201608190042517864,201608190107517864
423,-149.0704,65.1511,14.3,2.2,2016-08-02T16:40:43.000000Z,2016-08-02T16:40:55.717023Z,p,0.651477377582,201608021630557170,201608021655557170
293,-150.0079,65.2884,15.0,2.3,2016-08-25T14:49:36.000000Z,2016-08-25T14:49:56.148990Z,P,1.0668450518600001,201608251439561489,201608251504561489
422,-149.0203,63.8672,111.5,2.2,2016-08-31T10:39:35.000000Z,2016-08-31T10:39:58.032027Z,p,1.1642321725799998,20160831102958320,20160831105458320
405,-149.5812,63.9956,140.8,2.2,2016-09-07T06:19:57.000000Z,2016-09-07T06:20:22.780386Z,p,1.20472941181,201609070610227803,201609070635227803
491,-146.6154,63.7114,5.0,2.1,2016-08-05T16:18:43.000000Z,2016-08-05T16:19:06.988089Z,p,1.25094170717,201608051609069880,201608051634069880
19,-147.995,63.559,2.0,3.8,2016-08-26T23:11:25.000000Z,2016-08-26T23:11:50.373574Z,p,1.32361713122,201608262301503735,201608262326503735
47,-148.0612,63.5583,2.8,3.2,2016-08-26T23:17:18.000000Z,2016-08-26T23:17:43.443487Z,P,1.32766359755,201608262307434434,201608262332434434
549,-150.7946,65.0119,19.2,2.1,2016-09-23T13:33:42.000000Z,2016-09-23T13:34:05.493710Z,P,1.32885829818,201609231324054937,201609231349054937
24,-150.7974,64.9957,18.5,3.6,2016-09-23T13:26:09.000000Z,2016-09-23T13:26:32.577679Z,P,1.32886964517,201609231316325776,201609231341325776
512,-144.7374,65.3923,1.9,2.1,2016-09-18T08:47:40.000000Z,2016-09-18T08:48:05.654428Z,p,1.3382725846899999,201609180838056544,201609180903056544
164,-144.7439,65.4101,1.6,2.6,2016-09-21T04:44:27.000000Z,2016-09-21T04:44:52.732789Z,P,1.34236122295,201609210434527327,201609210459527327
510,-144.7318,65.3998,1.2,2.1,2016-09-18T01:38:15.000000Z,2016-09-18T01:38:40.748887Z,P,1.3431927026,201609180128407488,201609180153407488
370,-144.7339,65.4211,4.0,2.2,2016-08-28T14:03:17.000000Z,2016-08-28T14:03:42.611988Z,P,1.35038815635,201608281353426119,201608281418426119
100,-148.0551,63.5335,5.7,2.8,2016-08-27T07:53:23.000000Z,2016-08-27T07:53:48.429401Z,P,1.3519467461399999,201608270743484294,201608270808484294
534,-147.3025,63.5314,15.0,2.1,2016-08-10T17:08:18.000000Z,2016-08-10T17:08:42.334864Z,P,1.35344238942,201608101658423348,201608101723423348
346,-148.0358,63.5298,6.5,2.2,2016-08-27T02:37:44.000000Z,2016-08-27T02:38:09.370131Z,P,1.3546166508000002,201608270228093701,201608270253093701
362,-144.7171,65.4252,3.1,2.2,2016-08-27T16:26:31.000000Z,2016-08-27T16:26:56.830398Z,P,1.3584129890099998,201608271616568303,201608271641568303
501,-144.7003,65.4099,3.7,2.1,2016-10-02T07:41:00.000000Z,2016-10-02T07:41:25.767969Z,P,1.3591107921099999,201610020731257679,201610020756257679
84,-144.7175,65.4324,5.8,2.9,2016-09-21T11:08:00.000000Z,2016-09-21T11:08:25.542404Z,P,1.36103528164,201609211058255424,201609211123255424
363,-148.1008,63.5249,13.6,2.2,2016-08-21T00:30:06.000000Z,2016-08-21T00:30:30.634848Z,P,1.36305636532,201608210020306348,201608210045306348
352,-144.7282,65.4485,5.2,2.2,2016-09-27T11:35:43.000000Z,2016-09-27T11:36:08.645300Z,P,1.3632815657100001,201609271126086453,201609271151086453
69,-144.7121,65.4354,3.5,3.0,2016-09-21T08:33:23.000000Z,2016-09-21T08:33:48.862926Z,P,1.3642692380399999,201609210823488629,201609210848488629
40,-144.6916,65.4193,4.8,3.3,2016-09-21T01:01:27.000000Z,2016-09-21T01:01:52.730464Z,P,1.36598325569,201609210051527304,201609210116527304
96,-144.6867,65.4149,6.2,2.9,2016-08-07T21:19:36.000000Z,2016-08-07T21:20:01.565777Z,P,1.36622426104,201608072110015657,201608072135015657
335,-144.6628,65.3982,0.4,2.3,2016-08-07T21:26:20.000000Z,2016-08-07T21:26:46.251393Z,P,1.36936082503,201608072116462513,201608072141462513
239,-144.6592,65.3956,1.7,2.4,2016-09-03T00:22:35.000000Z,2016-09-03T00:23:01.155481Z,P,1.3698274694299999,201609030013011554,201609030038011554
75,-150.8935,65.0037,18.6,3.0,2016-09-07T09:30:19.000000Z,2016-09-07T09:30:43.130438Z,P,1.36992963029,201609070920431304,201609070945431304
223,-144.6561,65.4091,19.4,2.4,2016-09-18T08:48:16.000000Z,2016-09-18T08:48:40.116952Z,P,1.3759133363499998,201609180838401169,201609180903401169
521,-149.3414,63.6837,111.8,2.1,2016-09-19T05:40:21.000000Z,2016-09-19T05:40:46.648449Z,p,1.3940984450999998,201609190530466484,201609190555466484
373,-147.3393,63.4594,0.1,2.2,2016-09-25T04:18:09.000000Z,2016-09-25T04:18:36.082415Z,P,1.4232510607799997,20160925040836824,20160925043336824
55,-150.4403,64.0041,11.8,3.2,2016-09-22T14:10:33.000000Z,2016-09-22T14:10:59.427360Z,P,1.4776985234,201609221400594273,201609221425594273
420,-146.4189,63.4788,2.8,2.2,2016-09-28T14:05:52.000000Z,2016-09-28T14:06:19.805682Z,P,1.4994107019999998,201609281356198056,201609281421198056
144,-144.1555,65.3438,5.0,2.6,2016-08-19T10:19:18.000000Z,2016-08-19T10:19:46.274465Z,P,1.5526948083599998,201608191009462744,201608191034462744
528,-149.6,63.5095,107.3,2.1,2016-09-19T18:08:49.000000Z,2016-09-19T18:09:16.871293Z,p,1.6025810537099998,201609191759168712,201609191824168712
166,-144.3174,65.6527,5.0,2.6,2016-08-19T11:18:49.000000Z,2016-08-19T11:19:17.990967Z,P,1.60478993465,201608191109179909,201608191134179909
206,-147.4682,66.4792,13.9,2.5,2016-09-23T21:05:43.000000Z,2016-09-23T21:06:10.943286Z,P,1.60621851675,201609232056109432,201609232121109432
129,-147.4224,66.5017,18.5,2.7,2016-09-18T20:25:19.000000Z,2016-09-18T20:25:46.716181Z,P,1.62977064581,201609182015467161,201609182040467161
78,-148.7601,63.2419,1.2,3.0,2016-09-30T00:00:55.000000Z,2016-09-30T00:01:25.770899Z,P,1.7010358465600002,201609292351257708,201609300016257708
539,-149.6214,63.3835,102.4,2.1,2016-09-01T05:56:05.000000Z,2016-09-01T05:56:34.035426Z,p,1.71673701454,20160901054634354,20160901061134354
27,-150.7574,63.5833,10.2,3.6,2016-09-05T06:37:39.000000Z,2016-09-05T06:38:10.899621Z,P,1.86163068925,201609050628108996,201609050653108996
130,-148.7959,63.0535,69.4,2.7,2016-09-30T09:43:46.000000Z,2016-09-30T09:44:16.084733Z,p,1.88709990227,20160930093416847,20160930095916847
157,-150.7849,63.5509,10.5,2.6,2016-09-05T06:41:42.000000Z,2016-09-05T06:42:14.299619Z,P,1.89333019253,201609050632142996,201609050657142996
216,-151.8888,65.5916,18.0,2.5,2016-08-23T13:28:30.000000Z,2016-08-23T13:29:01.565799Z,P,1.9053217588299998,201608231319015657,201608231344015657
83,-146.4605,63.0392,41.1,2.9,2016-09-21T01:01:35.000000Z,2016-09-21T01:02:05.053126Z,p,1.9115534699799999,20160921005205531,20160921011705531
226,-151.9317,65.566,18.2,2.4,2016-09-03T07:13:15.000000Z,2016-09-03T07:13:46.652922Z,P,1.9133979742400002,201609030703466529,201609030728466529
22,-149.0975,63.0611,74.4,3.7,2016-10-01T02:41:44.000000Z,2016-10-01T02:42:14.629532Z,p,1.91865287443,201610010232146295,201610010257146295
450,-149.172,63.0665,100.0,2.1,2016-08-19T08:19:14.000000Z,2016-08-19T08:19:45.566237Z,p,1.924442315,201608190809455662,201608190834455662
452,-149.172,63.0665,50.0,2.1,2016-08-15T04:36:49.000000Z,2016-08-15T04:37:19.281484Z,p,1.924442315,201608150427192814,201608150452192814
507,-148.7633,62.9673,68.4,2.1,2016-07-29T11:04:22.000000Z,2016-07-29T11:04:53.139231Z,p,1.96708831738,201607291054531392,201607291119531392
253,-147.1441,66.8749,16.7,2.4,2016-08-29T19:12:37.000000Z,2016-08-29T19:13:10.179585Z,P,2.01134073403,201608291903101795,201608291928101795
417,-150.4674,63.2443,122.3,2.2,2016-09-01T05:36:04.000000Z,2016-09-01T05:36:38.012214Z,p,2.03768908507,20160901052638122,20160901055138122
233,-149.5326,63.0034,78.3,2.4,2016-09-17T14:40:44.000000Z,2016-09-17T14:41:16.378944Z,p,2.04207561008,201609171431163789,201609171456163789
358,-150.5304,63.2558,134.1,2.2,2016-08-30T18:16:36.000000Z,2016-08-30T18:17:10.710983Z,p,2.04504673665,201608301807107109,201608301832107109
556,-150.5839,63.271,133.7,2.1,2016-08-28T07:17:13.000000Z,2016-08-28T07:17:47.716541Z,p,2.04726881074,201608280707477165,201608280732477165
505,-150.4608,63.2042,119.6,2.1,2016-10-03T20:31:44.000000Z,2016-10-03T20:32:18.267747Z,p,2.06872282017,201610032022182677,201610032047182677
194,-150.4161,63.1804,111.0,2.5,2016-09-04T00:26:44.000000Z,2016-09-04T00:27:17.979337Z,p,2.07692059556,201609040017179793,201609040042179793
282,-151.1234,66.3966,4.9,2.3,2016-09-23T10:36:51.000000Z,2016-09-23T10:37:26.577507Z,P,2.08282043405,201609231027265775,201609231052265775
221,-150.5829,63.2219,127.6,2.5,2016-08-23T11:34:29.000000Z,2016-08-23T11:35:03.878995Z,p,2.0863617793700002,201608231125038789,201608231150038789
500,-150.9967,63.3062,18.7,2.1,2016-09-09T18:38:30.000000Z,2016-09-09T18:39:04.673307Z,P,2.13736960387,201609091829046733,201609091854046733
276,-149.5402,62.8905,78.3,2.3,2016-08-08T14:26:06.000000Z,2016-08-08T14:26:39.793785Z,p,2.14791590746,201608081416397937,201608081441397937
547,-150.4269,63.0553,113.2,2.1,2016-08-30T12:17:43.000000Z,2016-08-30T12:18:18.441166Z,p,2.18425301209,201608301208184411,201608301233184411
210,-148.9604,62.75,66.9,2.5,2016-08-21T17:48:22.000000Z,2016-08-21T17:48:56.254425Z,p,2.19969353116,201608211738562544,201608211803562544
550,-151.1799,63.2869,3.5,2.1,2016-09-02T22:57:30.000000Z,2016-09-02T22:58:07.449016Z,P,2.20668186601,201609022248074490,201609022313074490
364,-144.5672,63.1339,0.9,2.2,2016-09-25T08:30:53.000000Z,2016-09-25T08:31:30.803787Z,P,2.2097772291,201609250821308037,201609250846308037
207,-150.1864,62.9412,100.0,2.5,2016-08-17T12:08:50.000000Z,2016-08-17T12:09:25.487940Z,p,2.22719329349,201608171159254879,201608171224254879
441,-151.504,63.3847,6.0,2.1,2016-09-27T23:15:43.000000Z,2016-09-27T23:16:20.591469Z,P,2.2388587266499997,201609272306205914,201609272331205914
115,-150.9305,63.1233,128.3,2.8,2016-07-29T00:57:05.000000Z,2016-07-29T00:57:42.065359Z,p,2.2595517236,20160729004742653,20160729011242653
110,-150.4678,62.9727,101.2,2.8,2016-09-05T02:09:02.000000Z,2016-09-05T02:09:38.012136Z,p,2.264148417,20160905015938121,20160905022438121
299,-150.9096,63.1072,126.5,2.3,2016-08-13T21:39:00.000000Z,2016-08-13T21:39:37.070280Z,p,2.26656599462,20160813212937702,20160813215437702
262,-149.7069,62.7662,76.5,2.4,2016-09-17T02:54:52.000000Z,2016-09-17T02:55:27.681250Z,p,2.29164077561,201609170245276812,201609170310276812
357,-146.8771,67.14699999999999,5.0,2.2,2016-08-14T10:51:00.000000Z,2016-08-14T10:51:38.479333Z,P,2.2946915565599997,201608141041384793,201608141106384793
237,-151.558,63.3231,13.4,2.4,2016-09-20T08:30:45.000000Z,2016-09-20T08:31:22.530817Z,P,2.29898002509,201609200821225308,201609200846225308
148,-150.9693,63.0697,127.6,2.6,2016-09-24T03:18:39.000000Z,2016-09-24T03:19:16.700828Z,p,2.31277141875,201609240309167008,201609240334167008
465,-150.7953,62.9914,100.0,2.1,2016-08-25T22:40:41.000000Z,2016-08-25T22:41:17.831143Z,p,2.32983973042,201608252231178311,201608252256178311
347,-150.7953,62.9914,100.0,2.2,2016-08-25T16:35:46.000000Z,2016-08-25T16:36:22.831143Z,p,2.32983973042,201608251626228311,201608251651228311
260,-150.7953,62.9914,100.0,2.4,2016-08-10T15:46:33.000000Z,2016-08-10T15:47:09.831143Z,p,2.32983973042,201608101537098311,201608101602098311
95,-150.7953,62.9914,100.0,2.9,2016-08-26T16:16:22.000000Z,2016-08-26T16:16:58.831143Z,p,2.32983973042,201608261606588311,201608261631588311
134,-150.9514,63.0166,116.1,2.7,2016-09-01T01:18:58.000000Z,2016-09-01T01:19:35.688020Z,p,2.3504555960199998,201609010109356880,201609010134356880
286,-149.1818,62.6024,52.7,2.3,2016-09-25T02:24:26.000000Z,2016-09-25T02:25:02.382474Z,p,2.36862374933,201609250215023824,201609250240023824
438,-150.4737,62.8456,81.2,2.1,2016-09-28T07:32:24.000000Z,2016-09-28T07:33:00.900814Z,p,2.37468350351,201609280723009008,201609280748009008
309,-149.366,62.6123,50.0,2.3,2016-08-22T17:48:19.000000Z,2016-08-22T17:48:55.566321Z,p,2.3833843535900003,201608221738555663,201608221803555663
285,-151.5787,63.2083,0.0,2.3,2016-08-29T20:01:58.000000Z,2016-08-29T20:02:38.347594Z,P,2.38688441436,201608291952383475,201608292017383475
554,-144.8512,62.8173,1.3,2.1,2016-08-28T16:39:56.000000Z,2016-08-28T16:40:36.428259Z,P,2.40410380942,201608281630364282,201608281655364282
215,-143.5324,63.2295,4.0,2.5,2016-08-23T00:21:01.000000Z,2016-08-23T00:21:41.690957Z,P,2.4467795033099997,201608230011416909,201608230036416909
259,-150.793,62.8472,87.1,2.4,2016-08-07T15:22:21.000000Z,2016-08-07T15:22:59.039419Z,p,2.44924110565,20160807151259394,20160807153759394
468,-151.4062,63.0389,15.0,2.1,2016-08-15T08:07:47.000000Z,2016-08-15T08:08:26.560962Z,P,2.46054530411,201608150758265609,201608150823265609
252,-152.7328,63.7348,21.0,2.4,2016-08-29T20:20:49.000000Z,2016-08-29T20:21:28.021636Z,P,2.4714909006599997,20160829201128216,20160829203628216
532,-151.4882,63.0521,7.3,2.1,2016-08-30T00:51:25.000000Z,2016-08-30T00:52:05.677942Z,P,2.47463158634,201608300042056779,201608300107056779
531,-151.0417,62.8727,0.0,2.1,2016-08-21T06:56:36.000000Z,2016-08-21T06:57:17.783873Z,P,2.49132252394,201608210647177838,201608210712177838
251,-143.4795,63.1886,7.3,2.4,2016-08-23T16:26:20.000000Z,2016-08-23T16:27:00.922336Z,P,2.49240280664,201608231617009223,201608231642009223
21,-151.5535,63.0521,10.3,3.7,2016-08-29T04:25:53.000000Z,2016-08-29T04:26:33.585584Z,P,2.49408278132,201608290416335855,201608290441335855
378,-143.6665,63.1019,15.0,2.2,2016-08-24T09:48:18.000000Z,2016-08-24T09:48:58.042353Z,P,2.49555030787,20160824093858423,20160824100358423
177,-151.5678,63.0314,10.5,2.6,2016-07-29T10:01:26.000000Z,2016-07-29T10:02:06.834481Z,P,2.51392564895,201607290952068344,201607291017068344
172,-151.2892,62.9154,108.6,2.6,2016-08-13T08:57:54.000000Z,2016-08-13T08:58:33.654044Z,p,2.5235617607900003,201608130848336540,201608130913336540
45,-151.3321,62.9293,110.8,3.2,2016-08-20T07:58:20.000000Z,2016-08-20T07:58:59.741772Z,p,2.524510315,201608200748597417,201608200813597417
247,-148.0748,62.3495,29.5,2.4,2016-09-30T00:01:12.000000Z,2016-09-30T00:01:51.081406Z,P,2.53198544408,20160929235151814,20160930001651814
211,-152.019,63.0838,100.0,2.5,2016-08-19T23:02:26.000000Z,2016-08-19T23:03:06.588949Z,p,2.61501722911,201608192253065889,201608192318065889
381,-149.1563,62.3359,50.0,2.2,2016-08-18T04:18:14.000000Z,2016-08-18T04:18:53.854759Z,p,2.6233140213999997,201608180408538547,201608180433538547
160,-149.4503,62.3114,43.4,2.6,2016-09-12T20:16:16.000000Z,2016-09-12T20:16:56.647983Z,p,2.68259326142,201609122006566479,201609122031566479
317,-151.30700000000002,62.6941,5.0,2.3,2016-08-21T06:56:50.000000Z,2016-08-21T06:57:34.152571Z,P,2.70722440856,201608210647341525,201608210712341525
456,-149.4578,62.2793,40.2,2.1,2016-08-18T04:18:15.000000Z,2016-08-18T04:18:56.083020Z,P,2.7143840031599997,20160818040856830,20160818043356830
155,-143.494,62.846000000000004,3.2,2.6,2016-09-27T05:03:00.000000Z,2016-09-27T05:03:44.804313Z,P,2.73890422865,201609270453448043,201609270518448043
249,-150.5235,62.4368,59.4,2.4,2016-08-30T00:53:32.000000Z,2016-08-30T00:54:13.601804Z,p,2.74630181569,201608300044136018,201608300109136018
139,-148.9191,62.1148,4.9,2.7,2016-09-29T06:51:41.000000Z,2016-09-29T06:52:26.656297Z,P,2.8157006196599994,201609290642266562,201609290707266562
97,-149.4625,62.1354,42.5,2.9,2016-09-12T13:26:10.000000Z,2016-09-12T13:26:52.993584Z,p,2.85342809542,201609121316529935,201609121341529935
193,-148.3565,62.0169,19.2,2.5,2016-08-30T17:35:53.000000Z,2016-08-30T17:36:37.750800Z,P,2.87453189009,201608301726377508,201608301751377508
120,-149.5814,62.1135,44.7,2.8,2016-09-15T11:30:19.000000Z,2016-09-15T11:31:02.493615Z,p,2.88969317546,201609151121024936,201609151146024936
474,-149.4024,62.0651,37.7,2.1,2016-08-02T08:45:47.000000Z,2016-08-02T08:46:30.829801Z,P,2.9140391381299997,201608020836308298,201608020901308298
360,-148.8573,62.0021,5.0,2.2,2016-08-13T19:44:04.000000Z,2016-08-13T19:44:51.097087Z,P,2.92134860828,20160813193451970,20160813195951970
169,-151.3537,62.4459,86.9,2.6,2016-08-20T21:28:55.000000Z,2016-08-20T21:29:39.432467Z,p,2.9261144877499996,201608202119394324,201608202144394324
9,-149.3909,62.049,38.2,4.1,2016-08-02T00:25:01.000000Z,2016-08-02T00:25:45.024629Z,P,2.92827518418,20160802001545246,20160802004045246
202,-149.1384,62.0202,33.9,2.5,2016-08-08T23:23:23.000000Z,2016-08-08T23:24:07.141234Z,P,2.92896416514,201608082314071412,201608082339071412
105,-143.1224,67.1566,5.0,2.8,2016-08-24T21:19:17.000000Z,2016-08-24T21:20:04.293253Z,P,2.9356137369999997,201608242110042932,201608242135042932
64,-143.1224,67.1566,5.0,3.1,2016-08-25T23:19:25.000000Z,2016-08-25T23:20:12.293253Z,P,2.9356137369999997,201608252310122932,201608252335122932
82,-151.05700000000002,62.3424,77.6,2.9,2016-10-02T23:08:02.000000Z,2016-10-02T23:08:46.523716Z,p,2.94482275594,201610022258465237,201610022323465237
228,-150.2947,62.1605,47.8,2.4,2016-09-19T09:39:07.000000Z,2016-09-19T09:39:51.397285Z,p,2.95509146735,201609190929513972,201609190954513972
413,-142.9946,67.1503,5.0,2.2,2016-08-24T22:43:09.000000Z,2016-08-24T22:43:56.681420Z,P,2.9638415413300003,201608242233566814,201608242258566814
432,-149.7232,62.0544,47.0,2.2,2016-09-23T17:12:41.000000Z,2016-09-23T17:13:25.536395Z,p,2.9653637440400002,201609231703255363,201609231728255363
76,-143.1061,67.2062,5.0,3.0,2016-08-24T15:03:40.000000Z,2016-08-24T15:04:27.865896Z,P,2.97725701922,201608241454278658,201608241519278658
320,-152.0622,62.5852,5.0,2.3,2016-08-19T09:15:35.000000Z,2016-08-19T09:16:23.200375Z,P,3.0015810692100002,201608190906232003,201608190931232003
449,-142.9781,67.1998,5.0,2.1,2016-08-24T11:20:43.000000Z,2016-08-24T11:21:31.247595Z,P,3.0050150022500004,201608241111312475,201608241136312475
103,-142.9781,67.1998,5.0,2.8,2016-08-24T11:13:50.000000Z,2016-08-24T11:14:38.247595Z,P,3.0050150022500004,201608241104382475,201608241129382475
170,-147.1961,61.8775,15.0,2.6,2016-08-22T10:26:09.000000Z,2016-08-22T10:26:56.052003Z,P,3.00529223182,20160822101656520,20160822104156520
350,-147.0402,61.8704,30.3,2.2,2016-09-11T14:58:24.000000Z,2016-09-11T14:59:09.693619Z,P,3.01812350764,201609111449096936,201609111514096936
20,-142.9896,67.2292,11.4,3.8,2016-08-24T11:08:36.000000Z,2016-08-24T11:09:23.743021Z,P,3.02416118978,201608241059237430,201608241124237430
272,-143.9554,67.5106,22.4,2.4,2016-09-06T22:16:52.000000Z,2016-09-06T22:17:38.595850Z,P,3.03155451837,201609062207385958,201609062232385958
392,-151.7036,62.4078,89.0,2.2,2016-09-14T04:49:17.000000Z,2016-09-14T04:50:03.096897Z,p,3.0467303293700003,20160914044003968,20160914050503968
402,-151.319,62.2662,50.0,2.2,2016-08-05T16:38:21.000000Z,2016-08-05T16:39:06.998644Z,p,3.07138585918,201608051629069986,201608051654069986
273,-143.953,67.56,8.2,2.3,2016-09-12T07:04:41.000000Z,2016-09-12T07:05:29.816436Z,P,3.0743107527399998,201609120655298164,201609120720298164
248,-150.5522,62.0777,0.2,2.4,2016-08-30T01:13:44.000000Z,2016-08-30T01:14:33.828268Z,P,3.07804682423,201608300104338282,201608300129338282
257,-150.533,62.049,5.0,2.4,2016-08-26T10:58:41.000000Z,2016-08-26T10:59:30.565717Z,P,3.10087310638,201608261049305657,201608261114305657
190,-150.0608,61.9472,9.6,2.5,2016-08-04T23:05:35.000000Z,2016-08-04T23:06:24.227003Z,P,3.1163832135000002,201608042256242270,201608042321242270
199,-149.9171,61.8925,50.0,2.5,2016-08-09T04:32:58.000000Z,2016-08-09T04:33:45.036654Z,p,3.1470705514599997,20160809042345366,20160809044845366
489,-147.741,61.7225,22.2,2.1,2016-08-04T14:51:51.000000Z,2016-08-04T14:52:39.281819Z,P,3.1528467131999998,201608041442392818,201608041507392818
185,-151.2054,62.1415,84.1,2.5,2016-09-07T12:59:54.000000Z,2016-09-07T13:00:41.460066Z,p,3.1541782320099996,201609071250414600,201609071315414600
366,-147.355,61.7173,24.6,2.2,2016-09-11T02:22:23.000000Z,2016-09-11T02:23:11.177458Z,P,3.1611251947600003,201609110213111774,201609110238111774
318,-153.1277,67.1407,0.1,2.3,2016-10-01T16:37:59.000000Z,2016-10-01T16:38:50.080883Z,P,3.1682678913999998,20161001162850808,20161001165350808
143,-147.6499,61.685,30.0,2.7,2016-09-11T01:19:42.000000Z,2016-09-11T01:20:30.087085Z,P,3.1902171446499996,20160911011030870,20160911013530870
162,-151.6705,62.167,87.9,2.6,2016-08-04T15:17:15.000000Z,2016-08-04T15:18:03.692133Z,p,3.2406876642299998,201608041508036921,201608041533036921
555,-150.3659,61.8663,16.9,2.1,2016-08-29T12:06:50.000000Z,2016-08-29T12:07:40.068521Z,P,3.24122916338,20160829115740685,20160829122240685
496,-149.6528,61.7555,45.0,2.1,2016-08-06T17:34:21.000000Z,2016-08-06T17:35:09.351769Z,p,3.2434963272900004,201608061725093517,201608061750093517
291,-155.1608,65.7434,8.7,2.3,2016-07-31T22:54:23.000000Z,2016-07-31T22:55:14.086592Z,P,3.2437716318700005,20160731224514865,20160731231014865
93,-155.197,65.7495,6.7,2.9,2016-09-24T15:16:07.000000Z,2016-09-24T15:16:58.544081Z,P,3.25958994232,201609241506585440,201609241531585440
341,-146.6199,61.6374,0.0,2.3,2016-09-22T21:11:53.000000Z,2016-09-22T21:12:45.521893Z,P,3.2721918485900003,201609222102455218,201609222127455218
265,-155.2554,65.7677,6.6,2.4,2016-09-06T11:43:04.000000Z,2016-09-06T11:43:55.931195Z,P,3.28687076088,201609061133559311,201609061158559311
5,-146.3339,61.6036,23.3,4.2,2016-08-19T17:36:28.000000Z,2016-08-19T17:37:18.569750Z,P,3.32652123759,201608191727185697,201608191752185697
91,-146.3745,61.5958,24.4,2.9,2016-09-11T07:44:59.000000Z,2016-09-11T07:45:49.530775Z,P,3.33095952213,201609110735495307,201609110800495307
385,-147.2567,61.5336,9.4,2.2,2016-09-22T21:12:00.000000Z,2016-09-22T21:12:52.419955Z,P,3.3468518675,201609222102524199,201609222127524199
30,-146.4273,61.5721,37.9,3.5,2016-09-10T12:05:12.000000Z,2016-09-10T12:06:01.825776Z,P,3.3502820533599995,201609101156018257,201609101221018257
147,-140.60399999999998,66.546,5.0,2.6,2016-08-25T08:54:44.750000Z,2016-08-25T08:55:37.754690Z,P,3.35097614214,201608250845377546,201608250910377546
192,-155.5929,65.2446,0.7,2.5,2016-10-03T10:35:16.000000Z,2016-10-03T10:36:09.612359Z,P,3.35761425676,201610031026096123,201610031051096123
68,-152.1156,62.1575,104.2,3.0,2016-09-02T14:10:23.000000Z,2016-09-02T14:11:13.633070Z,p,3.3614384084099997,201609021401136330,201609021426136330
515,-152.1379,62.1507,106.9,2.1,2016-09-13T03:22:52.000000Z,2016-09-13T03:23:42.846484Z,p,3.3729130162700005,201609130313428464,201609130338428464
414,-147.6694,61.4996,9.3,2.2,2016-09-01T06:03:19.000000Z,2016-09-01T06:04:11.827235Z,P,3.3756004335900003,201609010554118272,201609010619118272
154,-150.7656,61.7865,70.3,2.6,2016-09-04T08:54:54.000000Z,2016-09-04T08:55:44.421455Z,p,3.38528955224,201609040845444214,201609040910444214
436,-146.436,61.5316,15.0,2.1,2016-08-24T03:43:57.000000Z,2016-08-24T03:44:49.336712Z,P,3.38963432412,201608240334493367,201608240359493367
348,-146.436,61.5316,50.0,2.2,2016-08-15T00:07:35.000000Z,2016-08-15T00:08:25.363690Z,p,3.38963432412,201608142358253636,201608150023253636
279,-151.1656,61.8528,69.4,2.3,2016-08-03T01:24:56.000000Z,2016-08-03T01:25:46.650535Z,p,3.4027066442100002,201608030115466505,201608030140466505
524,-149.7155,61.5858,33.2,2.1,2016-09-11T08:18:22.000000Z,2016-09-11T08:19:12.889429Z,P,3.4151492783,201609110809128894,201609110834128894
213,-150.6801,61.736000000000004,5.2,2.5,2016-08-21T03:04:43.000000Z,2016-08-21T03:05:36.882708Z,P,3.4165795485799997,201608210255368827,201608210320368827
266,-150.7926,61.7453,69.1,2.4,2016-08-03T16:15:49.000000Z,2016-08-03T16:16:39.995787Z,p,3.42822178011,201608031606399957,201608031631399957
230,-150.5532,61.6868,56.4,2.4,2016-08-12T16:22:01.000000Z,2016-08-12T16:22:52.080625Z,p,3.44046526455,20160812161252806,20160812163752806
337,-150.8713,61.731,63.0,2.3,2016-09-29T08:35:34.000000Z,2016-09-29T08:36:25.326991Z,p,3.45591254303,201609290826253269,201609290851253269
124,-149.8915,61.5563,54.3,2.7,2016-10-03T01:48:40.000000Z,2016-10-03T01:49:31.417338Z,p,3.46564609083,201610030139314173,201610030204314173
117,-143.4948,61.9364,15.0,2.8,2016-08-22T03:17:55.000000Z,2016-08-22T03:18:48.606563Z,P,3.4819924114300003,201608220308486065,201608220333486065
182,-149.7476,61.4989,40.2,2.5,2016-08-07T03:07:12.000000Z,2016-08-07T03:08:03.920898Z,P,3.5030937345999997,201608070258039208,201608070323039208
187,-147.5236,61.3684,5.0,2.5,2016-09-22T00:25:55.000000Z,2016-09-22T00:26:50.156130Z,P,3.50744955985,201609220016501561,201609220041501561
328,-146.7737,61.3615,19.7,2.3,2016-07-31T04:23:37.000000Z,2016-07-31T04:24:30.800663Z,P,3.53706647252,201607310414308006,201607310439308006
517,-149.9112,61.4833,35.8,2.1,2016-09-10T08:18:09.000000Z,2016-09-10T08:19:01.418802Z,P,3.53846849367,201609100809014188,201609100834014188
461,-151.4605,61.7665,50.0,2.1,2016-08-19T18:49:26.000000Z,2016-08-19T18:50:18.453513Z,p,3.54198403885,201608191840184535,201608191905184535
98,-151.4605,61.7665,100.0,2.8,2016-08-15T04:52:40.000000Z,2016-08-15T04:53:32.968641Z,p,3.54198403885,201608150443329686,201608150508329686
535,-149.5945,61.4362,30.2,2.1,2016-08-31T06:50:27.000000Z,2016-08-31T06:51:19.965189Z,P,3.54633832801,201608310641199651,201608310706199651
73,-149.953,61.4714,39.8,3.0,2016-09-26T22:24:35.000000Z,2016-09-26T22:25:27.639367Z,P,3.55532413135,201609262215276393,201609262240276393
342,-147.0602,68.425,0.0,2.3,2016-08-29T12:07:19.000000Z,2016-08-29T12:08:15.452501Z,P,3.5580593052099996,201608291158154525,201608291223154525
149,-151.7774,61.8257,106.1,2.6,2016-08-23T15:17:22.000000Z,2016-08-23T15:18:15.337384Z,p,3.56044253047,201608231508153373,201608231533153373
184,-152.0983,61.9138,121.6,2.5,2016-10-03T21:36:56.000000Z,2016-10-03T21:37:49.712635Z,p,3.5615120697900005,201610032127497126,201610032152497126
377,-144.4752,68.2122,7.3,2.2,2016-08-30T23:00:24.000000Z,2016-08-30T23:01:19.745827Z,P,3.5704188188,201608302251197458,201608302316197458
433,-150.0396,61.4669,56.3,2.2,2016-09-09T10:50:52.000000Z,2016-09-09T10:51:44.869468Z,p,3.57110241562,201609091041448694,201609091106448694
108,-146.8283,61.3181,15.0,2.8,2016-08-19T10:32:25.000000Z,2016-08-19T10:33:19.919716Z,P,3.5775022222199993,201608191023199197,201608191048199197
183,-150.219,61.4856,46.0,2.5,2016-08-29T01:39:13.000000Z,2016-08-29T01:40:05.947539Z,p,3.57821801835,201608290130059475,201608290155059475
376,-153.3351,62.3109,5.0,2.2,2016-08-17T05:55:50.000000Z,2016-08-17T05:56:46.310784Z,P,3.59142964165,201608170546463107,201608170611463107
519,-150.9724,61.5995,63.7,2.1,2016-09-18T21:21:18.000000Z,2016-09-18T21:22:11.242264Z,p,3.59570355083,201609182112112422,201609182137112422
102,-147.1585,68.4871,1.0,2.8,2016-08-25T13:58:52.000000Z,2016-08-25T13:59:49.151116Z,P,3.6176092552699997,201608251349491511,201608251414491511
296,-151.8138,61.769,95.6,2.3,2016-09-17T17:05:10.000000Z,2016-09-17T17:06:03.918016Z,p,3.6183340287,201609171656039180,201609171721039180
151,-150.8006,61.532,61.5,2.6,2016-09-18T03:57:21.000000Z,2016-09-18T03:58:14.661592Z,p,3.6272869195699995,201609180348146615,201609180413146615
204,-147.0426,68.4997,0.0,2.5,2016-08-29T07:51:42.000000Z,2016-08-29T07:52:39.483313Z,P,3.63303212695,201608290742394833,201608290807394833
419,-151.5137,61.6734,103.3,2.2,2016-09-18T02:11:16.000000Z,2016-09-18T02:12:10.300674Z,p,3.63644214187,201609180202103006,201609180227103006
191,-147.0407,68.5037,5.0,2.5,2016-08-24T01:12:24.000000Z,2016-08-24T01:13:20.938325Z,P,3.63707261255,201608240103209383,201608240128209383
104,-147.0407,68.5037,5.0,2.8,2016-08-25T13:55:48.000000Z,2016-08-25T13:56:44.938325Z,P,3.63707261255,201608251346449383,201608251411449383
201,-152.0498,61.8113,100.0,2.5,2016-08-15T15:04:47.000000Z,2016-08-15T15:05:41.249861Z,p,3.6372531377900006,201608151455412498,201608151520412498
284,-147.0455,68.5251,17.1,2.3,2016-08-27T15:15:53.000000Z,2016-08-27T15:16:48.778709Z,P,3.65828586857,201608271506487787,201608271531487787
236,-146.1806,61.2696,31.1,2.4,2016-08-29T03:45:29.000000Z,2016-08-29T03:46:23.558185Z,P,3.66815049956,201608290336235581,201608290401235581
41,-151.6881,61.6706,97.0,3.3,2016-09-07T23:47:48.000000Z,2016-09-07T23:48:42.728222Z,p,3.67667299185,201609072338427282,201609080003427282
455,-151.7521,61.6844,120.0,2.1,2016-08-19T10:49:52.000000Z,2016-08-19T10:50:47.227909Z,p,3.6786559869300004,201608191040472279,201608191105472279
356,-146.7678,68.5398,0.1,2.2,2016-08-29T10:36:53.000000Z,2016-08-29T10:37:51.143792Z,P,3.68194468052,201608291027511437,201608291052511437
391,-153.2407,62.1521,5.0,2.2,2016-09-12T05:45:15.000000Z,2016-09-12T05:46:12.564364Z,P,3.68260689523,201609120536125643,201609120601125643
431,-150.656,61.4452,50.0,2.2,2016-08-22T03:58:43.000000Z,2016-08-22T03:59:37.400735Z,p,3.68393233585,201608220349374007,201608220414374007
48,-150.1616,61.3476,17.0,3.2,2016-09-26T22:24:37.000000Z,2016-09-26T22:25:33.392518Z,P,3.7020606190300005,201609262215333925,201609262240333925
533,-151.4908,61.5932,81.1,2.1,2016-09-23T15:35:50.000000Z,2016-09-23T15:36:44.866027Z,p,3.7035233369,201609231526448660,201609231551448660
267,-150.9117,61.4075,66.8,2.4,2016-08-03T20:34:10.000000Z,2016-08-03T20:35:05.542279Z,p,3.7625691191300006,201608032025055422,201608032050055422
37,-141.6305,62.206,11.2,3.4,2016-10-01T04:54:43.000000Z,2016-10-01T04:55:41.273278Z,P,3.78828666231,201610010445412732,201610010510412732
34,-150.3973,61.2892,49.4,3.4,2016-08-06T08:53:42.000000Z,2016-08-06T08:54:37.872793Z,p,3.7912734187300003,201608060844378727,201608060909378727
483,-151.8232,61.5608,94.3,2.1,2016-09-21T03:35:22.000000Z,2016-09-21T03:36:18.399954Z,p,3.803733569,201609210326183999,201609210351183999
15,-149.1749,61.1265,35.1,3.8,2016-08-30T12:28:00.000000Z,2016-08-30T12:28:56.152905Z,P,3.80991003034,201608301218561529,201608301243561529
503,-146.0327,68.6643,2.8,2.1,2016-07-31T07:00:40.000000Z,2016-07-31T07:01:40.042020Z,P,3.8436051035000003,20160731065140420,20160731071640420
36,-144.6941,68.5568,15.8,3.4,2016-09-17T16:49:15.000000Z,2016-09-17T16:50:13.766143Z,P,3.86425434164,201609171640137661,201609171705137661
518,-150.69899999999998,61.2537,54.9,2.1,2016-09-12T22:11:41.000000Z,2016-09-12T22:12:37.975989Z,p,3.87113736176,201609122202379759,201609122227379759
274,-146.7111,68.7353,12.0,2.3,2016-09-19T20:23:09.000000Z,2016-09-19T20:24:08.418023Z,P,3.87853263767,201609192014084180,201609192039084180
326,-150.8608,61.2153,63.2,2.3,2016-08-20T11:31:15.000000Z,2016-08-20T11:32:12.859911Z,p,3.9336013887,201608201122128599,201608201147128599
302,-151.0192,61.22,50.0,2.3,2016-08-15T21:10:49.000000Z,2016-08-15T21:11:47.133397Z,p,3.95602509375,201608152101471333,201608152126471333
241,-151.3553,61.2572,72.4,2.4,2016-07-30T08:34:57.000000Z,2016-07-30T08:35:55.581197Z,p,3.9823620896900005,201607300825555811,201607300850555811
38,-150.1958,61.0581,52.7,3.4,2016-08-03T14:32:03.000000Z,2016-08-03T14:33:01.530194Z,p,3.98479087299,201608031423015301,201608031448015301
469,-150.3038,61.0612,13.5,2.1,2016-09-28T15:42:47.000000Z,2016-09-28T15:43:47.854996Z,P,3.9961441402900006,201609281533478549,201609281558478549
35,-150.2174,61.0451,49.6,3.4,2016-08-03T11:51:28.000000Z,2016-08-03T11:52:26.738311Z,p,4.000127824790001,201608031142267383,201608031207267383
315,-149.4852,60.949,20.0,2.3,2016-08-19T09:49:38.000000Z,2016-08-19T09:50:38.287726Z,P,4.01154333003,201608190940382877,201608191005382877
300,-151.5806,61.2681,77.5,2.3,2016-09-18T02:20:45.000000Z,2016-09-18T02:21:44.081104Z,p,4.0160320800800005,20160918021144811,20160918023644811
428,-147.7482,68.9301,8.0,2.2,2016-08-30T23:07:31.000000Z,2016-08-30T23:08:33.323952Z,P,4.05500596131,201608302258333239,201608302323333239
14,-149.516,60.8787,24.5,3.9,2016-10-02T22:39:41.000000Z,2016-10-02T22:40:41.866209Z,P,4.08340992375,201610022230418662,201610022255418662
425,-147.3371,60.7739,10.0,2.2,2016-08-10T03:07:05.000000Z,2016-08-10T03:08:07.759627Z,P,4.10415643326,201608100258077596,201608100323077596
178,-151.8909,61.2369,92.3,2.6,2016-10-02T03:31:42.000000Z,2016-10-02T03:32:42.484440Z,p,4.10765280973,201610020322424844,201610020347424844
65,-151.3859,61.1254,72.2,3.1,2016-09-29T19:43:26.000000Z,2016-09-29T19:44:26.315194Z,p,4.1095537465400005,201609291934263151,201609291959263151
1,-152.1732,61.3015,131.1,4.5,2016-09-01T12:27:42.000000Z,2016-09-01T12:28:43.225595Z,p,4.11109131685,201609011218432255,201609011243432255
310,-150.281,60.9328,50.9,2.3,2016-08-02T08:19:25.000000Z,2016-08-02T08:20:25.336237Z,p,4.11658529202,201608020810253362,201608020835253362
63,-143.4281,68.6499,5.2,3.1,2016-08-29T22:07:47.000000Z,2016-08-29T22:08:50.654473Z,P,4.12734179053,201608292158506544,201608292223506544
448,-145.1878,68.9221,1.8,2.1,2016-08-20T10:19:08.000000Z,2016-08-20T10:20:12.537739Z,P,4.16188797879,201608201010125377,201608201035125377
313,-152.4851,61.3038,1.3,2.3,2016-07-29T09:29:26.000000Z,2016-07-29T09:30:30.853246Z,P,4.18046933134,201607290920308532,201607290945308532
295,-152.4729,61.2996,2.9,2.3,2016-08-01T09:22:02.000000Z,2016-08-01T09:23:06.672132Z,P,4.18127705054,201608010913066721,201608010938066721
336,-152.4855,61.29600000000001,0.3,2.3,2016-08-03T10:32:11.000000Z,2016-08-03T10:33:16.068276Z,P,4.18737041671,20160803102316682,20160803104816682
411,-152.4969,61.2774,5.0,2.2,2016-08-17T23:13:52.000000Z,2016-08-17T23:14:56.763648Z,P,4.2062814713800005,201608172304567636,201608172329567636
275,-147.2433,60.672,15.0,2.3,2016-08-24T15:48:54.000000Z,2016-08-24T15:49:57.584343Z,P,4.20777376792,201608241539575843,201608241604575843
479,-150.8214,60.9126,20.0,2.1,2016-08-03T13:00:04.000000Z,2016-08-03T13:01:07.056749Z,P,4.2129807680199995,20160803125107567,20160803131607567
475,-150.3134,60.8301,46.4,2.1,2016-08-02T12:14:14.000000Z,2016-08-02T12:15:15.754036Z,P,4.21976085684,201608021205157540,201608021230157540
321,-147.5269,60.6489,10.1,2.3,2016-09-08T20:54:49.000000Z,2016-09-08T20:55:53.433925Z,P,4.22682744112,201609082045534339,201609082110534339
386,-151.1134,60.9473,27.6,2.2,2016-09-14T07:05:46.000000Z,2016-09-14T07:06:48.562142Z,P,4.2272866248100005,201609140656485621,201609140721485621
429,-151.3774,60.9938,100.0,2.2,2016-08-09T01:41:59.000000Z,2016-08-09T01:43:01.241154Z,p,4.22984989355,201608090133012411,201608090158012411
305,-156.8554,66.836,22.3,2.3,2016-09-18T20:52:48.000000Z,2016-09-18T20:53:51.099746Z,P,4.23133912372,20160918204351997,20160918210851997
271,-152.6008,61.2755,5.0,2.4,2016-08-05T08:36:09.000000Z,2016-08-05T08:37:14.123076Z,P,4.23242844317,201608050827141230,201608050852141230
523,-147.64700000000002,60.6358,6.0,2.1,2016-09-11T23:26:25.000000Z,2016-09-11T23:27:30.099070Z,P,4.2394168713300004,20160911231730990,20160911234230990
319,-151.8667,61.0671,89.1,2.3,2016-09-28T00:14:51.000000Z,2016-09-28T00:15:53.461067Z,p,4.25620096519,201609280005534610,201609280030534610
454,-155.7267,67.6517,14.7,2.1,2016-08-20T12:54:40.000000Z,2016-08-20T12:55:44.373898Z,P,4.2625962708300005,201608201245443738,201608201310443738
367,-151.5356,60.9267,70.1,2.2,2016-08-20T18:16:05.000000Z,2016-08-20T18:17:08.188061Z,p,4.32088960018,201608201807081880,201608201832081880
504,-151.606,60.9317,72.8,2.1,2016-09-16T15:31:48.000000Z,2016-09-16T15:32:51.318807Z,p,4.3293607955,201609161522513188,201609161547513188
406,-152.4507,61.1207,135.0,2.2,2016-08-04T13:15:07.000000Z,2016-08-04T13:16:11.256623Z,p,4.333351069690001,201608041306112566,201608041331112566
297,-144.8281,69.0712,0.0,2.3,2016-08-30T17:08:07.000000Z,2016-08-30T17:09:14.201472Z,P,4.3399291,201608301659142014,201608301724142014
343,-149.1097,60.5671,19.2,2.3,2016-08-20T13:46:26.000000Z,2016-08-20T13:47:31.143583Z,P,4.35782757504,201608201337311435,201608201402311435
543,-145.2657,60.6551,1.0,2.1,2016-08-28T16:52:54.000000Z,2016-08-28T16:54:01.367635Z,P,4.3607596083899995,201608281644013676,201608281709013676
558,-144.7256,69.0948,10.4,2.1,2016-09-25T15:40:22.000000Z,2016-09-25T15:41:28.405876Z,P,4.37290364624,201609251531284058,201609251556284058
294,-144.6896,69.1171,10.2,2.3,2016-09-24T11:55:14.000000Z,2016-09-24T11:56:20.774174Z,P,4.39795201124,201609241146207741,201609241211207741
536,-150.2448,60.6321,40.0,2.1,2016-08-29T08:12:24.000000Z,2016-08-29T08:13:28.278319Z,P,4.4024993188,201608290803282783,201608290828282783
387,-145.207,60.6152,5.0,2.2,2016-08-18T02:10:54.000000Z,2016-08-18T02:12:01.513520Z,P,4.40632936851,201608180202015135,201608180227015135
445,-152.2675,60.9812,10.0,2.1,2016-08-19T02:07:48.000000Z,2016-08-19T02:08:55.063619Z,P,4.41726371878,20160819015855636,20160819022355636
552,-151.9897,60.8891,85.6,2.1,2016-09-25T02:57:46.000000Z,2016-09-25T02:58:50.962542Z,p,4.4429041823,201609250248509625,201609250313509625
325,-151.7303,60.7665,100.0,2.3,2016-08-24T07:11:01.000000Z,2016-08-24T07:12:06.963381Z,p,4.50514498615,201608240702069633,201608240727069633
26,-151.739,60.7586,75.3,3.6,2016-07-31T01:59:25.000000Z,2016-07-31T02:00:30.854305Z,p,4.51406957925,201607310150308543,201607310215308543
225,-147.2663,60.3648,6.9,2.4,2016-09-11T14:23:01.000000Z,2016-09-11T14:24:09.768864Z,P,4.514255744630001,201609111414097688,201609111439097688
203,-152.2948,60.8578,96.4,2.5,2016-09-11T04:32:39.000000Z,2016-09-11T04:33:45.311219Z,p,4.53404873638,201609110423453112,201609110448453112
408,-151.7261,60.6964,77.4,2.2,2016-09-10T13:54:53.000000Z,2016-09-10T13:55:59.619488Z,p,4.56921980731,201609101345596194,201609101410596194
400,-151.3425,60.566,65.6,2.2,2016-07-31T09:36:44.000000Z,2016-07-31T09:37:51.310811Z,p,4.62388889139,201607310927513108,201607310952513108
506,-140.6685,61.4642,7.1,2.1,2016-07-29T09:37:26.000000Z,2016-07-29T09:38:36.552172Z,P,4.6457472586,201607290928365521,201607290953365521
525,-143.9804,69.2981,3.7,2.1,2016-08-01T09:46:07.000000Z,2016-08-01T09:47:18.000893Z,P,4.64868740144,201608010937188,201608011002188
198,-152.1322,60.6528,86.5,2.5,2016-09-11T01:00:41.000000Z,2016-09-11T01:01:49.290414Z,p,4.6870237532,201609110051492904,201609110116492904
301,-153.0026,60.8393,219.2,2.3,2016-08-30T10:15:46.000000Z,2016-08-30T10:16:57.189302Z,p,4.70808773764,201608301006571893,201608301031571893
298,-148.398,60.141000000000005,10.6,2.3,2016-09-16T05:14:58.000000Z,2016-09-16T05:16:09.508960Z,P,4.74592726253,201609160506095089,201609160531095089
471,-151.2388,60.387,61.5,2.1,2016-09-07T06:07:23.000000Z,2016-09-07T06:08:32.387583Z,p,4.7763346882699995,201609070558323875,201609070623323875
331,-144.5976,69.5965,12.2,2.3,2016-09-21T15:20:41.000000Z,2016-09-21T15:21:53.987279Z,P,4.86746216122,201609211511539872,201609211536539872
516,-150.6566,60.2042,52.1,2.1,2016-09-13T00:51:16.000000Z,2016-09-13T00:52:26.642059Z,P,4.868047497759999,201609130042266420,201609130107266420
383,-151.877,60.4021,73.6,2.2,2016-09-12T06:56:04.000000Z,2016-09-12T06:57:14.703912Z,p,4.87001602788,201609120647147039,201609120712147039
329,-152.2897,60.4621,94.6,2.3,2016-09-22T01:10:55.000000Z,2016-09-22T01:12:06.157480Z,p,4.89275659472,201609220102061574,201609220127061574
443,-144.0369,69.564,9.1,2.1,2016-08-23T21:13:45.000000Z,2016-08-23T21:14:58.717682Z,P,4.893541192380001,201608232104587176,201608232129587176
330,-152.6058,60.528999999999996,6.7,2.3,2016-09-27T14:08:26.000000Z,2016-09-27T14:09:40.044487Z,P,4.896355367169999,20160927135940444,20160927142440444
256,-152.784,60.5381,140.0,2.4,2016-08-26T07:24:09.000000Z,2016-08-26T07:25:21.226800Z,p,4.92621171387,201608260715212268,201608260740212268
113,-150.4803,60.1074,36.8,2.8,2016-09-28T20:07:25.000000Z,2016-09-28T20:08:36.672453Z,P,4.93973633909,201609281958366724,201609282023366724
327,-152.0702,60.357,91.3,2.3,2016-09-20T22:59:34.000000Z,2016-09-20T23:00:45.870425Z,p,4.9474067666199995,201609202250458704,201609202315458704
290,-150.4568,60.0645,33.3,2.3,2016-08-21T15:45:09.000000Z,2016-08-21T15:46:21.369814Z,P,4.97858010829,201608211536213698,201608211601213698
403,-151.9295,60.2937,81.7,2.2,2016-09-07T02:39:02.000000Z,2016-09-07T02:40:14.251578Z,p,4.98042095234,201609070230142515,201609070255142515
208,-140.3206,61.1323,12.5,2.5,2016-09-02T11:49:22.000000Z,2016-09-02T11:50:36.892014Z,P,5.00868130148,201609021140368920,201609021205368920
418,-140.3251,61.1299,1.1,2.2,2016-09-02T10:05:04.000000Z,2016-09-02T10:06:20.268182Z,P,5.00920855819,201609020956202681,201609021021202681
541,-152.3081,60.2853,87.6,2.1,2016-08-30T16:11:38.000000Z,2016-08-30T16:12:51.356618Z,p,5.05878272952,201608301602513566,201608301627513566
389,-152.5372,60.3036,102.7,2.2,2016-08-08T02:36:36.000000Z,2016-08-08T02:37:49.873535Z,p,5.08712874365,201608080227498735,201608080252498735
176,-143.7583,60.0349,20.1,2.6,2016-09-24T21:40:03.000000Z,2016-09-24T21:41:19.137653Z,P,5.165431277380001,201609242131191376,201609242156191376
472,-141.5798,60.5147,11.6,2.1,2016-09-04T00:12:59.000000Z,2016-09-04T00:14:16.278241Z,P,5.1744702724,201609040004162782,201609040029162782
384,-152.5343,60.2051,90.1,2.2,2016-09-20T21:56:20.000000Z,2016-09-20T21:57:34.978899Z,p,5.17672392453,201609202147349788,201609202212349788
306,-152.9833,60.293,118.5,2.3,2016-09-20T16:12:07.000000Z,2016-09-20T16:13:22.449150Z,p,5.18965960619,201609201603224491,201609201628224491
453,-142.3532,60.2812,5.0,2.1,2016-08-25T17:50:23.000000Z,2016-08-25T17:51:41.454711Z,P,5.20241978081,201608251741414547,201608251806414547
127,-152.7611,60.2244,108.9,2.7,2016-08-02T11:45:34.000000Z,2016-08-02T11:46:49.535657Z,p,5.20494232889,201608021136495356,201608021201495356
473,-152.6744,60.2045,111.5,2.1,2016-09-09T18:18:03.000000Z,2016-09-09T18:19:18.571530Z,p,5.20535513735,201609091809185715,201609091834185715
232,-141.0099,60.6018,5.0,2.4,2016-08-18T04:11:53.000000Z,2016-08-18T04:13:12.047799Z,P,5.2455803559300005,20160818040312477,20160818042812477
167,-147.626,59.6286,40.0,2.6,2016-08-19T07:57:26.000000Z,2016-08-19T07:58:41.872792Z,P,5.24664564174,201608190748418727,201608190813418727
278,-151.455,59.9145,49.4,2.3,2016-08-06T00:04:09.000000Z,2016-08-06T00:05:25.006990Z,P,5.25885727747,2016080523552569,2016080600202569
88,-152.2006,60.0374,50.0,2.9,2016-08-24T03:34:22.000000Z,2016-08-24T03:35:38.134137Z,P,5.26823241274,201608240325381341,201608240350381341
214,-152.8596,60.1722,124.2,2.5,2016-09-23T02:25:29.000000Z,2016-09-23T02:26:45.645068Z,p,5.27278544022,201609230216456450,201609230241456450
312,-152.6223,60.0841,120.0,2.3,2016-08-24T10:02:29.000000Z,2016-08-24T10:03:46.025797Z,p,5.305167560169999,20160824095346257,20160824101846257
470,-153.0929,60.1744,128.2,2.1,2016-10-03T23:44:54.000000Z,2016-10-03T23:46:11.332062Z,p,5.3201242420999995,201610032336113320,201610040001113320
244,-151.435,59.8434,71.6,2.4,2016-09-24T08:25:07.000000Z,2016-09-24T08:26:23.892930Z,p,5.323577513319999,201609240816238929,201609240841238929
368,-152.5891,60.0461,96.5,2.2,2016-09-25T08:33:21.000000Z,2016-09-25T08:34:38.159078Z,p,5.3335729694800005,201609250824381590,201609250849381590
57,-152.6732,60.0526,99.7,3.1,2016-08-06T00:11:51.000000Z,2016-08-06T00:13:08.329697Z,p,5.344158612569999,201608060003083296,201608060028083296
477,-152.9051,60.1028,111.7,2.1,2016-09-09T04:18:24.000000Z,2016-09-09T04:19:41.465132Z,p,5.34531423774,201609090409414651,201609090434414651
79,-153.719,60.3029,185.4,2.9,2016-09-20T14:48:46.000000Z,2016-09-20T14:50:04.518187Z,p,5.34762216772,201609201440045181,201609201505045181
222,-152.9473,60.0988,124.6,2.5,2016-09-19T06:33:23.000000Z,2016-09-19T06:34:40.792617Z,p,5.357717840369999,201609190624407926,201609190649407926
427,-152.3531,59.9625,72.4,2.2,2016-08-02T13:57:17.000000Z,2016-08-02T13:58:34.473516Z,p,5.36592456122,201608021348344735,201608021413344735
464,-153.3593,60.187,145.9,2.1,2016-09-27T09:01:54.000000Z,2016-09-27T09:03:12.179792Z,p,5.36725890814,201609270853121797,201609270918121797
545,-153.0982,60.1193,131.1,2.1,2016-08-12T16:59:35.000000Z,2016-08-12T17:00:53.050096Z,p,5.37098852483,20160812165053500,20160812171553500
44,-151.8397,59.8602,61.4,3.3,2016-09-04T06:48:51.000000Z,2016-09-04T06:50:08.538059Z,p,5.37165046043,201609040640085380,201609040705085380
106,-152.9186,60.0561,104.3,2.8,2016-08-02T12:30:58.000000Z,2016-08-02T12:32:16.001011Z,p,5.39060621521,2016080212221610,2016080212471610
188,-152.5678,59.9736,78.5,2.5,2016-07-31T07:26:04.000000Z,2016-07-31T07:27:21.906574Z,p,5.39624926387,201607310717219065,201607310742219065
307,-153.3907,60.1585,146.7,2.3,2016-09-19T05:52:11.000000Z,2016-09-19T05:53:29.621982Z,p,5.39973780768,201609190543296219,201609190608296219
395,-152.7635,59.993,105.8,2.2,2016-08-20T12:09:45.000000Z,2016-08-20T12:11:03.370234Z,p,5.4167959234300005,201608201201033702,201608201226033702
514,-152.2483,59.8851,70.9,2.1,2016-09-13T08:30:28.000000Z,2016-09-13T08:31:46.193414Z,p,5.41885371263,201609130821461934,201609130846461934
258,-141.3602,60.2839,11.5,2.4,2016-09-25T13:33:25.000000Z,2016-09-25T13:34:45.783058Z,P,5.428666860730001,201609251324457830,201609251349457830
359,-153.4151,60.1307,154.5,2.2,2016-08-11T00:52:41.000000Z,2016-08-11T00:54:00.122533Z,p,5.43003146745,201608110044001225,201608110109001225
390,-142.2736,60.0458,5.0,2.2,2016-09-09T01:34:06.000000Z,2016-09-09T01:35:27.610927Z,P,5.43211516881,201609090125276109,201609090150276109
50,-152.692,59.9569,99.0,3.2,2016-09-23T13:09:15.000000Z,2016-09-23T13:10:33.567289Z,p,5.43579824873,201609231300335672,201609231325335672
369,-149.2543,59.4739,13.7,2.2,2016-08-02T00:49:42.000000Z,2016-08-02T00:51:02.826615Z,P,5.45104992508,201608020041028266,201608020106028266
287,-152.303,59.8546,80.4,2.3,2016-08-02T23:31:57.000000Z,2016-08-02T23:33:15.745258Z,p,5.45718568097,201608022323157452,201608022348157452
476,-153.4445,60.0964,152.0,2.1,2016-09-09T14:24:40.000000Z,2016-09-09T14:25:59.584581Z,p,5.467258494279999,201609091415595845,201609091440595845
42,-153.2733,60.0478,125.6,3.3,2016-08-10T03:12:17.000000Z,2016-08-10T03:13:36.358173Z,p,5.473179764909999,201608100303363581,201608100328363581
396,-152.7729,59.9236,84.2,2.2,2016-09-18T14:49:30.000000Z,2016-09-18T14:50:49.105217Z,p,5.48235957473,201609181440491052,201609181505491052
442,-153.5948,60.1137,161.3,2.1,2016-08-23T01:03:35.000000Z,2016-08-23T01:04:54.948874Z,p,5.48578510993,201608230054549488,201608230119549488
205,-153.4311,60.0698,153.5,2.5,2016-09-18T04:33:14.000000Z,2016-09-18T04:34:33.879022Z,p,5.4880704942,201609180424338790,201609180449338790
513,-152.6617,59.8656,98.7,2.1,2016-09-13T16:42:21.000000Z,2016-09-13T16:43:40.627024Z,p,5.514043335529999,201609131633406270,201609131658406270
212,-141.0095,60.2808,2.9,2.5,2016-09-27T15:27:34.000000Z,2016-09-27T15:28:57.054182Z,P,5.51879024309,20160927151857541,20160927154357541
551,-144.1223,59.593999999999994,13.6,2.1,2016-09-23T07:14:36.000000Z,2016-09-23T07:15:57.951817Z,P,5.5320729975,201609230705579518,201609230730579518
351,-152.8323,59.8732,100.8,2.2,2016-09-25T02:58:39.000000Z,2016-09-25T02:59:59.002709Z,p,5.54043059892,2016092502495927,2016092503145927
49,-153.0827,59.9254,116.7,3.2,2016-09-02T15:20:36.000000Z,2016-09-02T15:21:56.200263Z,p,5.54355257051,201609021511562002,201609021536562002
440,-152.5377,59.8081,100.0,2.1,2016-08-14T12:00:38.000000Z,2016-08-14T12:01:58.039870Z,p,5.5436855538300005,20160814115158398,20160814121658398
229,-152.939,59.8907,120.0,2.4,2016-08-18T03:01:41.000000Z,2016-08-18T03:03:01.269291Z,p,5.54576726669,201608180253012692,201608180318012692
18,-152.9308,59.8637,98.8,3.8,2016-09-10T06:24:11.000000Z,2016-09-10T06:25:31.371691Z,p,5.5688340491799995,201609100615313716,201609100640313716
218,-152.8763,59.8442,101.3,2.5,2016-08-03T23:06:35.000000Z,2016-08-03T23:07:55.486733Z,p,5.5758078179799995,201608032257554867,201608032322554867
527,-153.4256,59.9662,135.8,2.1,2016-09-11T00:51:28.000000Z,2016-09-11T00:52:48.902800Z,p,5.57981181847,201609110042489028,201609110107489028
70,-152.6528,59.7881,83.8,3.0,2016-08-23T20:36:38.000000Z,2016-08-23T20:37:58.488354Z,p,5.583975806180001,201608232027584883,201608232052584883
439,-152.7079,59.7957,90.0,2.1,2016-08-17T22:11:26.000000Z,2016-08-17T22:12:46.567173Z,p,5.58750321434,201608172202465671,201608172227465671
458,-152.7079,59.7957,90.0,2.1,2016-08-18T04:46:43.000000Z,2016-08-18T04:48:03.567173Z,p,5.58750321434,201608180438035671,201608180503035671
54,-153.128,59.885,105.6,3.2,2016-09-16T04:03:19.000000Z,2016-09-16T04:04:39.711370Z,p,5.58973329377,201609160354397113,201609160419397113
478,-142.4899,59.823,0.0,2.1,2016-09-20T22:17:09.000000Z,2016-09-20T22:18:33.399803Z,P,5.59135386931,201609202208333998,201609202233333998
173,-153.4122,59.9456,130.5,2.6,2016-08-02T05:12:03.000000Z,2016-08-02T05:13:24.055878Z,p,5.595416187480001,20160802050324558,20160802052824558
142,-152.9657,59.8406,102.3,2.7,2016-09-11T07:02:50.000000Z,2016-09-11T07:04:10.782604Z,p,5.59702596631,201609110654107826,201609110719107826
409,-140.9425,60.2077,14.1,2.2,2016-09-12T08:40:31.000000Z,2016-09-12T08:41:53.806050Z,P,5.598615520419999,201609120831538060,201609120856538060
196,-140.6774,60.285,22.4,2.5,2016-09-14T22:30:48.000000Z,2016-09-14T22:32:09.912669Z,P,5.60100154334,201609142222099126,201609142247099126
92,-152.6842,59.7747,79.1,2.9,2016-09-17T05:39:41.000000Z,2016-09-17T05:41:01.721187Z,p,5.60236907271,201609170531017211,201609170556017211
486,-153.1805,59.8819,105.7,2.1,2016-08-04T05:28:41.000000Z,2016-08-04T05:30:01.898921Z,p,5.603507047100001,201608040520018989,201608040545018989
200,-152.9633,59.8315,99.4,2.5,2016-08-12T04:57:31.000000Z,2016-08-12T04:58:51.865682Z,p,5.60487772581,201608120448518656,201608120513518656
17,-158.9287,62.3184,32.1,3.8,2016-09-29T16:43:48.000000Z,2016-09-29T16:45:09.150842Z,P,5.609770618400001,201609291635091508,201609291700091508
467,-153.0934,59.8484,100.0,2.1,2016-08-14T18:49:02.000000Z,2016-08-14T18:50:23.020356Z,p,5.61592277895,20160814184023203,20160814190523203
150,-153.0934,59.8484,100.0,2.6,2016-08-17T04:02:52.000000Z,2016-08-17T04:04:13.020356Z,p,5.61592277895,20160817035413203,20160817041913203
86,-153.0934,59.8484,100.0,2.9,2016-08-17T07:27:21.000000Z,2016-08-17T07:28:42.020356Z,p,5.61592277895,20160817071842203,20160817074342203
372,-152.9272,59.8004,106.5,2.2,2016-08-01T01:47:44.000000Z,2016-08-01T01:49:05.213078Z,p,5.62616241852,201608010139052130,201608010204052130
495,-153.4972,59.9224,115.9,2.1,2016-08-06T13:28:53.000000Z,2016-08-06T13:30:14.425029Z,p,5.63489717967,201608061320144250,201608061345144250
283,-153.1859,59.8479,109.9,2.3,2016-09-20T19:29:59.000000Z,2016-09-20T19:31:20.371952Z,p,5.635548816619999,201609201921203719,201609201946203719
66,-153.1158,59.8235,122.3,3.1,2016-09-11T15:00:20.000000Z,2016-09-11T15:01:41.610776Z,p,5.64324844105,201609111451416107,201609111516416107
333,-153.6101,59.9357,154.0,2.3,2016-09-11T17:54:20.000000Z,2016-09-11T17:55:42.006307Z,p,5.648004048450001,2016091117454263,2016091118104263
557,-153.3355,59.868,115.4,2.1,2016-09-30T07:18:06.000000Z,2016-09-30T07:19:27.608791Z,p,5.6488997928,201609300709276087,201609300734276087
511,-152.4202,59.6717,69.4,2.1,2016-07-30T10:46:22.000000Z,2016-07-30T10:47:43.338300Z,p,5.64908475596,201607301037433383,201607301102433383
407,-153.3463,59.8698,126.7,2.2,2016-09-12T07:33:24.000000Z,2016-09-12T07:34:45.744130Z,p,5.649580640650001,201609120724457441,201609120749457441
80,-153.2777,59.852,131.2,2.9,2016-07-31T19:07:41.000000Z,2016-07-31T19:09:02.811190Z,p,5.65110872816,201607311859028111,201607311924028111
502,-153.0703,59.802,102.7,2.1,2016-08-01T23:52:38.000000Z,2016-08-01T23:53:59.552734Z,p,5.65356043393,201608012343595527,201608020008595527
401,-152.6947,59.7099,78.4,2.2,2016-09-28T08:11:39.000000Z,2016-09-28T08:13:00.564944Z,p,5.66435675273,201609280803005649,201609280828005649
498,-153.0645,59.7782,104.7,2.1,2016-09-04T20:02:12.000000Z,2016-09-04T20:03:33.848061Z,p,5.67414677233,201609041953338480,201609042018338480
548,-153.0383,59.7647,104.2,2.1,2016-08-08T10:58:22.000000Z,2016-08-08T10:59:43.939637Z,p,5.681200312480001,201608081049439396,201608081114439396
374,-153.5309,59.8789,135.2,2.2,2016-09-29T01:22:00.000000Z,2016-09-29T01:23:22.258216Z,p,5.681403942389999,201609290113222582,201609290138222582
482,-153.1997,59.7902,104.8,2.1,2016-09-08T01:21:24.000000Z,2016-09-08T01:22:46.076675Z,p,5.69094670829,20160908011246766,20160908013746766
217,-152.7365,59.68899999999999,90.1,2.5,2016-09-20T22:54:55.000000Z,2016-09-20T22:56:16.985454Z,p,5.691667798819999,201609202246169854,201609202311169854
29,-144.9925,59.3094,22.8,3.6,2016-09-10T16:03:02.000000Z,2016-09-10T16:04:25.293707Z,P,5.704181436360001,201609101554252937,201609101619252937
322,-153.0645,59.7339,107.0,2.3,2016-10-02T07:26:10.000000Z,2016-10-02T07:27:32.417270Z,p,5.714708422509999,201610020717324172,201610020742324172
165,-153.1095,59.7402,101.2,2.6,2016-08-01T18:31:50.000000Z,2016-08-01T18:33:12.416440Z,p,5.71806142007,201608011823124164,201608011848124164
67,-153.54,59.8335,132.1,3.1,2016-09-20T19:55:48.000000Z,2016-09-20T19:57:10.802328Z,p,5.72424656019,201609201947108023,201609202012108023
33,-153.1053,59.7232,104.7,3.4,2016-07-29T21:57:25.000000Z,2016-07-29T21:58:47.642940Z,p,5.732766066900001,201607292148476429,201607292213476429
7,-153.1422,59.7258,104.2,4.2,2016-09-07T11:47:04.000000Z,2016-09-07T11:48:26.708526Z,p,5.73789507556,201609071138267085,201609071203267085
361,-153.2783,59.7511,114.5,2.2,2016-08-29T10:19:09.000000Z,2016-08-29T10:20:31.870002Z,p,5.7429083649,201608291010318700,201608291035318700
380,-152.4442,59.5648,69.8,2.2,2016-09-05T05:23:37.000000Z,2016-09-05T05:24:59.764068Z,p,5.75334208282,201609050514597640,201609050539597640
270,-152.9532,59.6661,93.4,2.4,2016-07-31T10:29:06.000000Z,2016-07-31T10:30:28.862828Z,p,5.75480172071,201607311020288628,201607311045288628
60,-152.3193,59.5366,50.0,3.1,2016-08-18T06:29:45.000000Z,2016-08-18T06:31:07.848410Z,P,5.7577854367,201608180621078484,201608180646078484
140,-153.1597,59.6982,108.0,2.7,2016-08-13T05:46:06.000000Z,2016-08-13T05:47:29.130536Z,p,5.7667068403999995,201608130537291305,201608130602291305
334,-153.1967,59.7052,106.2,2.3,2016-09-03T22:30:25.000000Z,2016-09-03T22:31:48.131047Z,p,5.76787404434,201609032221481310,201609032246481310
444,-153.2292,59.7095,103.9,2.1,2016-08-20T16:16:09.000000Z,2016-08-20T16:17:32.150212Z,p,5.77063230038,201608201607321502,201608201632321502
12,-153.3328,59.7282,111.2,4.1,2016-08-11T18:34:59.000000Z,2016-08-11T18:36:22.273817Z,p,5.775145705880001,201608111826222738,201608111851222738
238,-152.8001,59.5935,89.8,2.4,2016-09-29T03:25:01.000000Z,2016-09-29T03:26:24.352934Z,p,5.79224020653,201609290316243529,201609290341243529
281,-154.2082,59.9219,200.0,2.3,2016-08-17T14:30:50.000000Z,2016-08-17T14:32:14.605927Z,p,5.79883553974,201608171422146059,201608171447146059
508,-153.2767,59.6891,108.0,2.1,2016-09-16T00:42:33.000000Z,2016-09-16T00:43:56.568837Z,p,5.799058597309999,201609160033565688,201609160058565688
412,-153.0981,59.6438,99.5,2.2,2016-09-18T04:42:07.000000Z,2016-09-18T04:43:30.571462Z,p,5.80409671459,201609180433305714,201609180458305714
308,-153.6813,59.7437,137.0,2.3,2016-10-03T14:34:42.000000Z,2016-10-03T14:36:06.348068Z,p,5.83606465125,201610031426063480,201610031451063480
231,-153.3329,59.6462,111.2,2.4,2016-09-28T10:42:13.000000Z,2016-09-28T10:43:37.284743Z,p,5.849828883019999,201609281033372847,201609281058372847
538,-153.4544,59.6723,126.5,2.1,2016-08-31T18:23:32.000000Z,2016-08-31T18:24:56.461526Z,p,5.85156589013,201608311814564615,201608311839564615
186,-152.9133,59.5505,94.4,2.5,2016-09-05T10:22:22.000000Z,2016-09-05T10:23:46.213866Z,p,5.853724625830001,201609051013462138,201609051038462138
89,-153.4251,59.6248,111.9,2.9,2016-08-06T04:48:29.000000Z,2016-08-06T04:49:53.815384Z,p,5.8885601881800005,201608060439538153,201608060504538153
116,-152.7015,59.468999999999994,77.0,2.8,2016-07-31T10:04:30.000000Z,2016-07-31T10:05:54.634395Z,p,5.88947564084,201607310955546343,201607311020546343
23,-153.0589,59.5411,97.8,3.6,2016-08-21T09:38:05.000000Z,2016-08-21T09:39:29.737495Z,p,5.8907608986,201608210929297374,201608210954297374
338,-153.4225,59.6167,100.0,2.3,2016-08-14T17:40:36.000000Z,2016-08-14T17:42:00.814725Z,p,5.89538688008,201608141732008147,201608141757008147
81,-153.4225,59.6167,100.0,2.9,2016-08-19T10:02:42.000000Z,2016-08-19T10:04:06.814725Z,p,5.89538688008,201608190954068147,201608191019068147
451,-152.9306,59.5002,90.0,2.1,2016-08-15T20:51:09.000000Z,2016-08-15T20:52:33.869879Z,p,5.90359459586,201608152042338698,201608152107338698
62,-153.4762,59.618,116.5,3.1,2016-09-16T10:26:21.000000Z,2016-09-16T10:27:46.088121Z,p,5.90549432907,20160916101746881,20160916104246881
481,-152.5397,59.4172,77.9,2.1,2016-09-08T15:21:36.000000Z,2016-09-08T15:23:00.896937Z,p,5.90856791377,201609081513008969,201609081538008969
136,-145.252,59.0729,41.4,2.7,2016-08-10T11:42:17.000000Z,2016-08-10T11:43:41.996690Z,P,5.91168013115,201608101133419966,201608101158419966
77,-153.1058,59.5218,109.0,3.0,2016-09-27T07:13:28.000000Z,2016-09-27T07:14:53.185985Z,p,5.9177932342999995,201609270704531859,201609270729531859
121,-150.9599,59.1505,51.1,2.7,2016-08-04T10:10:36.000000Z,2016-08-04T10:12:01.163049Z,P,5.926849385830001,201608041002011630,201608041027011630
393,-151.9839,59.2857,58.9,2.2,2016-08-06T13:17:14.000000Z,2016-08-06T13:18:39.315976Z,P,5.93946131663,201608061308393159,201608061333393159
111,-152.7271,59.3835,71.1,2.8,2016-10-02T16:16:24.000000Z,2016-10-02T16:17:49.780179Z,p,5.973910149380001,201610021607497801,201610021632497801
145,-151.4297,59.1582,30.7,2.6,2016-08-31T03:01:28.000000Z,2016-08-31T03:02:54.363124Z,P,5.9799670236199995,201608310252543631,201608310317543631
375,-140.2046,59.9464,9.7,2.2,2016-08-11T15:50:43.000000Z,2016-08-11T15:52:12.026016Z,P,6.01294524982,20160811154212260,20160811160712260
59,-152.6506,59.3069,100.0,3.1,2016-08-17T14:27:24.000000Z,2016-08-17T14:28:50.665766Z,p,6.031675773790001,201608171418506657,201608171443506657
499,-151.9144,59.111000000000004,59.9,2.1,2016-09-22T14:12:37.000000Z,2016-09-22T14:14:04.447687Z,P,6.095253219580001,201609221404044476,201609221429044476
269,-153.3164,59.3375,120.0,2.4,2016-08-05T01:18:54.000000Z,2016-08-05T01:20:22.146907Z,p,6.12928604513,201608050110221469,201608050135221469
421,-153.4348,59.3618,0.6,2.2,2016-08-31T15:46:18.000000Z,2016-08-31T15:47:49.738596Z,P,6.1308096793699995,201608311537497385,201608311602497385
168,-152.3421,59.1427,60.5,2.6,2016-09-17T05:19:14.000000Z,2016-09-17T05:20:41.964436Z,P,6.1330737923,201609170510419644,201609170535419644
388,-151.85,59.0502,54.1,2.2,2016-09-30T13:01:02.000000Z,2016-09-30T13:02:30.126291Z,P,6.1437236114900005,201609301252301262,201609301317301262
446,-140.5346,59.6603,15.4,2.1,2016-09-27T01:28:34.000000Z,2016-09-27T01:30:04.565476Z,P,6.17483462671,201609270120045654,201609270145045654
175,-153.6143,59.3055,104.5,2.6,2016-09-20T06:59:28.000000Z,2016-09-20T07:00:57.240492Z,p,6.2191914637300005,201609200650572404,201609200715572404
138,-153.2024,59.2157,14.3,2.7,2016-08-26T15:19:42.000000Z,2016-08-26T15:21:13.308856Z,P,6.2193488201,201608261511133088,201608261536133088
32,-152.6069,59.086000000000006,62.0,3.5,2016-09-22T03:03:07.000000Z,2016-09-22T03:04:36.308582Z,P,6.23145287002,201609220254363085,201609220319363085
128,-152.4349,59.0357,50.0,2.7,2016-08-19T17:33:27.000000Z,2016-08-19T17:34:56.594440Z,P,6.249743399140001,201608191724565944,201608191749565944
530,-153.6037,59.2332,115.6,2.1,2016-09-22T14:56:38.000000Z,2016-09-22T14:58:08.188299Z,p,6.283167968280001,201609221448081882,201609221513081882
494,-153.6004,59.2107,106.7,2.1,2016-08-06T07:33:43.000000Z,2016-08-06T07:35:13.393236Z,p,6.303112896569999,201608060725133932,201608060750133932
122,-152.3078,58.9164,70.6,2.7,2016-07-31T16:03:31.000000Z,2016-07-31T16:05:01.813110Z,P,6.3421090291199995,201607311555018131,201607311620018131
109,-151.4016,58.7101,30.6,2.8,2016-08-07T13:20:54.000000Z,2016-08-07T13:22:26.268253Z,P,6.40928775081,201608071312262682,201608071337262682
43,-142.9636,58.8532,1.2,3.3,2016-09-03T19:14:19.000000Z,2016-09-03T19:15:54.559281Z,P,6.41423408219,201609031905545592,201609031930545592
16,-147.8679,58.4322,5.0,3.8,2016-09-20T11:13:59.000000Z,2016-09-20T11:15:34.506449Z,P,6.443655240630001,201609201105345064,201609201130345064
133,-153.4069,58.8934,11.8,2.7,2016-09-01T22:19:06.000000Z,2016-09-01T22:20:42.253963Z,P,6.55757510372,201609012210422539,201609012235422539
462,-153.5593,58.8683,10.1,2.1,2016-09-27T14:12:50.000000Z,2016-09-27T14:14:27.183104Z,P,6.610369535399999,201609271404271831,201609271429271831
141,-150.9048,58.4018,13.6,2.7,2016-10-02T08:17:45.000000Z,2016-10-02T08:19:22.317518Z,P,6.650764623960001,201610020809223175,201610020834223175
529,-153.8189,58.871,83.3,2.1,2016-08-01T13:29:59.000000Z,2016-08-01T13:31:34.153142Z,p,6.65956586643,201608011321341531,201608011346341531
435,-154.4061,58.896,116.1,2.1,2016-09-27T13:51:27.000000Z,2016-09-27T13:53:03.653002Z,p,6.760407776930001,201609271343036530,201609271408036530
371,-158.80200000000002,60.3769,21.0,2.2,2016-09-10T06:30:39.000000Z,2016-09-10T06:32:17.456487Z,P,6.79628928959,201609100622174564,201609100647174564
437,-154.4108,58.8251,128.2,2.1,2016-08-21T22:59:57.000000Z,2016-08-21T23:01:34.606841Z,p,6.82574162815,201608212251346068,201608212316346068
152,-152.5832,58.4186,51.6,2.6,2016-08-08T08:35:57.000000Z,2016-08-08T08:37:34.950265Z,P,6.85982715716,201608080827349502,201608080852349502
522,-151.5138,58.251999999999995,10.6,2.1,2016-10-02T23:33:41.000000Z,2016-10-02T23:35:21.659700Z,P,6.867937227710001,201610022325216597,201610022350216597
52,-151.2364,58.2077,5.0,3.2,2016-08-29T19:36:41.000000Z,2016-08-29T19:38:22.465322Z,P,6.87759779905,201608291928224653,201608291953224653
314,-152.4087,58.3556,39.2,2.3,2016-09-13T18:15:10.000000Z,2016-09-13T18:16:48.474278Z,P,6.89268835891,201609131806484742,201609131831484742
153,-154.57,58.7883,113.7,2.6,2016-07-30T08:40:37.000000Z,2016-07-30T08:42:15.446555Z,p,6.893897504,201607300832154465,201607300857154465
493,-141.3398,58.6438,3.0,2.1,2016-08-06T02:03:26.000000Z,2016-08-06T02:05:08.105998Z,P,6.90674317719,201608060155081059,201608060220081059
268,-151.5401,58.2073,21.2,2.4,2016-09-28T06:27:36.000000Z,2016-09-28T06:29:16.063237Z,P,6.914647972939999,20160928061916632,20160928064416632
135,-151.6116,58.1526,38.7,2.7,2016-09-24T10:48:31.000000Z,2016-09-24T10:50:10.631662Z,P,6.976771931939999,201609241040106316,201609241105106316
332,-151.5777,58.1326,20.7,2.3,2016-08-21T00:59:34.000000Z,2016-08-21T01:01:15.169698Z,P,6.991920589169999,201608210051151696,201608210116151696
53,-158.9546,60.068000000000005,5.3,3.2,2016-09-07T10:31:20.000000Z,2016-09-07T10:33:04.119934Z,P,7.07357388604,201609071023041199,201609071048041199
399,-153.6401,58.3461,63.2,2.2,2016-09-06T07:35:39.000000Z,2016-09-06T07:37:20.350281Z,P,7.1115415120700005,201609060727203502,201609060752203502
553,-154.1135,58.4177,80.0,2.1,2016-08-13T13:34:03.000000Z,2016-08-13T13:35:44.663908Z,P,7.13684577653,201608131325446639,201608131350446639
242,-154.526,58.407,10.3,2.4,2016-09-25T06:37:01.000000Z,2016-09-25T06:38:46.688207Z,P,7.23159118768,201609250628466882,201609250653466882
156,-152.934,58.007,44.8,2.6,2016-08-06T20:02:49.000000Z,2016-08-06T20:04:33.135498Z,P,7.3081854241299995,201608061954331354,201608062019331354
404,-154.0942,58.1886,70.0,2.2,2016-08-05T01:47:17.000000Z,2016-08-05T01:49:01.525333Z,P,7.345183423410001,201608050139015253,201608050204015253
179,-154.9274,58.3363,1.5,2.6,2016-10-02T04:10:39.000000Z,2016-10-02T04:12:27.816015Z,P,7.38236573655,201610020402278160,201610020427278160
424,-154.9682,58.333,3.9,2.2,2016-10-02T01:13:43.000000Z,2016-10-02T01:15:31.691330Z,P,7.39431823391,201610020105316913,201610020130316913
292,-154.9034,58.3151,3.6,2.3,2016-09-09T16:00:28.000000Z,2016-09-09T16:02:16.755962Z,P,7.39639773981,201609091552167559,201609091617167559
365,-159.0339,59.6703,10.0,2.2,2016-08-02T05:02:49.000000Z,2016-08-02T05:04:37.008539Z,P,7.398006102849999,2016080204543785,2016080205193785
540,-153.7432,58.0415,73.4,2.1,2016-08-29T06:19:58.000000Z,2016-08-29T06:21:43.481571Z,P,7.415764780830001,201608290611434815,201608290636434815
311,-153.804,57.9865,53.6,2.3,2016-09-16T20:49:25.000000Z,2016-09-16T20:51:11.416725Z,P,7.478536374089999,201609162041114167,201609162106114167
39,-153.97,57.9896,55.5,3.3,2016-09-06T10:25:41.000000Z,2016-09-06T10:27:27.791546Z,P,7.5066484541600005,201609061017277915,201609061042277915
250,-154.8593,58.161,96.7,2.4,2016-07-29T10:17:40.000000Z,2016-07-29T10:19:26.992206Z,p,7.527408780289999,201607291009269922,201607291034269922
101,-154.644,58.0909,87.9,2.8,2016-09-28T02:08:45.000000Z,2016-09-28T02:10:32.245641Z,P,7.546337003239999,201609280200322456,201609280225322456
137,-154.6658,58.0944,88.6,2.7,2016-10-03T16:46:04.000000Z,2016-10-03T16:47:51.263366Z,P,7.54764627282,201610031637512633,201610031702512633
87,-154.7812,58.1062,72.7,2.9,2016-08-04T23:34:48.000000Z,2016-08-04T23:36:35.467199Z,P,7.560986735239999,201608042326354671,201608042351354671
255,-153.38299999999998,57.8163,11.4,2.4,2016-10-02T10:40:43.000000Z,2016-10-02T10:42:33.119394Z,P,7.564060114789999,201610021032331193,201610021057331193
288,-153.2151,57.7269,57.7,2.3,2016-09-11T12:09:08.000000Z,2016-09-11T12:10:56.341607Z,P,7.620698081789999,201609111200563416,201609111225563416
487,-154.9193,58.0176,81.5,2.1,2016-08-04T06:14:33.000000Z,2016-08-04T06:16:21.956779Z,P,7.67142033532,201608040606219567,201608040631219567
434,-153.3395,57.5661,6.2,2.2,2016-10-02T14:39:17.000000Z,2016-10-02T14:41:10.902858Z,P,7.794201776,201610021431109028,201610021456109028
28,-154.8599,57.8355,63.6,3.6,2016-08-04T12:00:00.000000Z,2016-08-04T12:01:51.125113Z,P,7.82618594298,201608041151511251,201608041216511251
544,-152.3505,57.3749,40.7,2.1,2016-09-23T16:14:23.000000Z,2016-09-23T16:16:14.290642Z,P,7.82781375285,201609231606142906,201609231631142906
61,-154.5828,57.7375,57.5,3.1,2016-08-09T11:43:32.000000Z,2016-08-09T11:45:23.623274Z,P,7.860364348150001,201608091135236232,201608091200236232
344,-155.2473,57.8279,85.4,2.3,2016-08-28T07:50:48.000000Z,2016-08-28T07:52:40.277297Z,P,7.9153060512,201608280742402772,201608280807402772
8,-150.1806,57.0296,5.5,4.1,2016-08-28T02:51:42.000000Z,2016-08-28T02:53:37.959124Z,P,7.9379171708600005,201608280243379591,201608280308379591
90,-154.7716,57.645,50.0,2.9,2016-08-16T23:31:00.000000Z,2016-08-16T23:32:53.362437Z,P,7.983995954430001,201608162322533624,201608162347533624
303,-154.4149,57.5145,47.8,2.3,2016-08-27T17:47:30.000000Z,2016-08-27T17:49:24.078830Z,P,8.035163780089999,20160827173924788,20160827180424788
349,-156.1435,57.9081,123.4,2.2,2016-08-13T23:21:08.000000Z,2016-08-13T23:23:02.093333Z,P,8.04622747987,20160813231302933,20160813233802933
324,-155.6636,57.761,101.2,2.3,2016-08-13T05:56:46.000000Z,2016-08-13T05:58:40.348974Z,p,8.067966833489999,201608130548403489,201608130613403489
520,-156.2911,57.8545,125.6,2.1,2016-10-03T04:04:41.000000Z,2016-10-03T04:06:36.209877Z,P,8.12932381099,201610030356362098,201610030421362098
227,-156.4442,57.8883,138.2,2.4,2016-09-22T22:45:08.000000Z,2016-09-22T22:47:03.224506Z,P,8.136144124360001,201609222237032245,201609222302032245
181,-154.2141,57.3664,42.2,2.5,2016-09-25T19:17:55.000000Z,2016-09-25T19:19:50.506664Z,P,8.1362119489,201609251909505066,201609251934505066
542,-156.3016,57.8322,131.1,2.1,2016-09-23T17:39:27.000000Z,2016-09-23T17:41:22.481512Z,P,8.15175554026,201609231731224815,201609231756224815
85,-148.5588,56.6947,12.0,2.9,2016-08-20T14:56:10.000000Z,2016-08-20T14:58:08.659463Z,P,8.1917062578,201608201448086594,201608201513086594
74,-155.6378,57.6168,1.1,3.0,2016-09-22T18:48:47.000000Z,2016-09-22T18:50:46.992745Z,P,8.193307311729999,201609221840469927,201609221905469927
345,-155.6735,57.5952,90.9,2.2,2016-09-10T05:06:32.000000Z,2016-09-10T05:08:28.433958Z,P,8.22087850938,201609100458284339,201609100523284339
159,-154.2568,57.2772,30.0,2.6,2016-08-18T23:39:31.000000Z,2016-08-18T23:41:28.282603Z,P,8.22792766021,201608182331282826,201608182356282826
353,-156.2641,57.6518,113.2,2.2,2016-09-29T17:12:40.000000Z,2016-09-29T17:14:37.575024Z,p,8.30449426102,201609291704375750,201609291729375750
415,-156.4064,57.622,109.5,2.2,2016-09-18T03:56:51.000000Z,2016-09-18T03:58:49.389112Z,p,8.36484006994,201609180348493891,201609180413493891
509,-156.6291,57.669,120.4,2.1,2016-09-15T21:14:52.000000Z,2016-09-15T21:16:50.563117Z,p,8.37627764983,201609152106505631,201609152131505631
126,-157.7174,57.8472,186.5,2.7,2016-09-09T07:07:32.000000Z,2016-09-09T07:09:31.709984Z,P,8.49710815646,201609090659317099,201609090724317099
174,-153.4001,56.8232,7.1,2.6,2016-08-28T12:18:34.000000Z,2016-08-28T12:20:37.659340Z,P,8.51324443256,201608281210376593,201608281235376593
447,-153.8992,56.8854,41.3,2.1,2016-08-20T07:28:49.000000Z,2016-08-20T07:30:49.983855Z,P,8.53526904978,201608200720499838,201608200745499838
355,-152.49200000000002,56.6214,4.6,2.2,2016-09-11T06:10:33.000000Z,2016-09-11T06:12:37.835423Z,P,8.57705552862,201609110602378354,201609110627378354
197,-155.2424,57.0389,5.0,2.5,2016-08-10T01:41:23.000000Z,2016-08-10T01:43:28.666093Z,P,8.64113239014,201608100133286660,201608100158286660
340,-153.437,56.6925,14.9,2.3,2016-09-03T09:53:03.000000Z,2016-09-03T09:55:07.518625Z,P,8.64428983641,201609030945075186,201609031010075186
99,-154.947,56.9447,0.8,2.8,2016-09-07T23:06:34.000000Z,2016-09-07T23:08:40.570610Z,P,8.67020844061,201609072258405706,201609072323405706
484,-154.8764,56.9093,7.1,2.1,2016-09-07T22:57:29.000000Z,2016-09-07T22:59:35.078760Z,P,8.68965179565,20160907224935787,20160907231435787
382,-156.6701,57.3067,7.6,2.2,2016-09-27T10:36:11.000000Z,2016-09-27T10:38:17.302729Z,P,8.71037064407,201609271028173027,201609271053173027
546,-156.7701,57.3268,1.2,2.1,2016-08-11T07:09:02.000000Z,2016-08-11T07:11:09.152175Z,P,8.716126501289999,201608110701091521,201608110726091521
485,-156.9343,57.3325,101.7,2.1,2016-09-07T18:16:50.000000Z,2016-09-07T18:18:53.629881Z,P,8.75056349003,201609071808536298,201609071833536298
261,-154.9645,56.8547,50.4,2.4,2016-08-03T18:47:28.000000Z,2016-08-03T18:49:31.955178Z,P,8.757732633060002,201608031839319551,201608031904319551
394,-156.6564,57.2153,84.2,2.2,2016-08-06T10:20:28.000000Z,2016-08-06T10:22:32.196895Z,P,8.789387237569999,201608061012321968,201608061037321968
243,-155.1999,56.8107,13.0,2.4,2016-10-01T23:27:00.000000Z,2016-10-01T23:29:07.497999Z,P,8.84490200565,201610012319074979,201610012344074979
195,-155.2046,56.8067,19.9,2.5,2016-08-29T05:40:34.000000Z,2016-08-29T05:42:40.732685Z,P,8.84956184704,201608290532407326,201608290557407326
397,-155.2222,56.8061,9.4,2.2,2016-09-27T14:05:16.000000Z,2016-09-27T14:07:24.050394Z,P,8.85360996883,20160927135724503,20160927142224503
123,-155.1875,56.792,13.5,2.7,2016-09-27T13:58:57.000000Z,2016-09-27T14:01:04.643372Z,P,8.859888426569999,201609271351046433,201609271416046433
460,-155.1927,56.7904,20.6,2.1,2016-09-27T14:19:20.000000Z,2016-09-27T14:21:26.841924Z,P,8.862407730720001,201609271411268419,201609271436268419
245,-155.2023,56.7772,7.3,2.4,2016-09-29T22:15:19.000000Z,2016-09-29T22:17:27.618553Z,P,8.8766159933,201609292207276185,201609292232276185
289,-155.2338,56.7837,16.7,2.3,2016-09-29T17:46:45.000000Z,2016-09-29T17:48:52.490467Z,P,8.87678986489,201609291738524904,201609291803524904
13,-155.211,56.7644,10.1,4.0,2016-09-30T10:40:55.000000Z,2016-09-30T10:43:03.468917Z,P,8.89027400318,201609301033034689,201609301058034689
112,-156.357,57.0043,4.7,2.8,2016-09-02T21:36:45.000000Z,2016-09-02T21:38:54.411094Z,P,8.911589271830001,201609022128544110,201609022153544110
490,-155.2812,56.7524,24.9,2.1,2016-10-01T07:27:31.000000Z,2016-10-01T07:29:38.175066Z,P,8.91537582999,201610010719381750,201610010744381750
163,-154.679,56.6213,9.1,2.6,2016-09-21T07:20:45.000000Z,2016-09-21T07:22:54.038705Z,P,8.92305467794,20160921071254387,20160921073754387
339,-156.2474,56.9221,70.4,2.3,2016-10-03T19:41:22.000000Z,2016-10-03T19:43:28.614913Z,P,8.96205618536,201610031933286149,201610031958286149
220,-153.2225,56.2883,18.9,2.5,2016-09-10T10:02:40.000000Z,2016-09-10T10:04:48.926553Z,P,9.0008140616,201609100954489265,201609101019489265
430,-156.9784,57.0638,0.1,2.2,2016-09-01T04:02:52.000000Z,2016-09-01T04:05:03.204054Z,P,9.00194040741,201609010355032040,201609010420032040
4,-153.2349,56.2833,22.0,4.2,2016-09-10T02:53:50.000000Z,2016-09-10T02:55:58.702388Z,P,9.007446184299999,201609100245587023,201609100310587023
2,-153.2367,56.2585,22.2,4.3,2016-09-10T02:32:23.000000Z,2016-09-10T02:34:32.015758Z,P,9.031638693560001,20160910022432157,20160910024932157
379,-157.5654,57.0894,3.8,2.2,2016-09-05T07:58:12.000000Z,2016-09-05T08:00:24.411050Z,P,9.12248386971,201609050750244110,201609050815244110
189,-157.8533,57.1578,16.6,2.5,2016-09-11T10:40:41.000000Z,2016-09-11T10:42:52.040706Z,P,9.13486748388,20160911103252407,20160911105752407
161,-157.7198,57.1094,14.7,2.6,2016-09-18T19:47:11.000000Z,2016-09-18T19:49:22.388785Z,P,9.143596608010002,201609181939223887,201609182004223887
537,-157.5627,57.059,5.1,2.1,2016-09-25T10:19:13.000000Z,2016-09-25T10:21:25.615449Z,P,9.14881260548,201609251011256154,201609251036256154
492,-154.9083,56.3926,43.6,2.1,2016-09-21T15:40:53.000000Z,2016-09-21T15:43:02.808188Z,P,9.1809078039,201609211533028081,201609211558028081
497,-155.4651,56.5019,58.0,2.1,2016-09-30T18:25:37.000000Z,2016-09-30T18:27:46.749711Z,P,9.185505039219999,201609301817467497,201609301842467497
526,-157.6023,56.9891,5.7,2.1,2016-08-01T12:04:55.000000Z,2016-08-01T12:07:08.530430Z,P,9.22082541487,201608011157085304,201608011222085304
171,-157.8319,57.0262,0.2,2.6,2016-08-12T19:18:41.000000Z,2016-08-12T19:20:55.532804Z,P,9.245611860519999,201608121910555328,201608121935555328
240,-157.8313,57.0212,7.0,2.4,2016-08-12T13:21:33.000000Z,2016-08-12T13:23:46.772248Z,P,9.24988365031,201608121313467722,201608121338467722
180,-157.7649,56.9929,4.0,2.5,2016-07-29T02:39:54.000000Z,2016-07-29T02:42:08.247084Z,P,9.25816815014,201607290232082470,201607290257082470
224,-157.8442,56.9956,7.3,2.4,2016-09-03T06:08:20.000000Z,2016-09-03T06:10:34.091540Z,P,9.2758106094,20160903060034915,20160903062534915
10,-157.8265,56.9786,8.1,4.1,2016-08-16T19:58:41.000000Z,2016-08-16T20:00:55.140200Z,P,9.286386098,201608161950551402,201608162015551402
466,-156.4277,56.5779,72.6,2.1,2016-09-27T15:13:37.000000Z,2016-09-27T15:15:48.447422Z,P,9.316920807210002,201609271505484474,201609271530484474
488,-156.4723,56.5874,67.8,2.1,2016-09-07T14:07:20.000000Z,2016-09-07T14:09:31.492377Z,P,9.3180433651,201609071359314923,201609071424314923
219,-156.3732,56.4945,50.0,2.5,2016-08-19T21:36:14.000000Z,2016-08-19T21:38:26.497037Z,P,9.3815643254,201608192128264970,201608192153264970
263,-156.754,56.5866,75.0,2.4,2016-09-17T09:33:27.000000Z,2016-09-17T09:35:39.318614Z,P,9.38177467621,201609170925393186,201609170950393186
131,-157.3849,56.6778,5.0,2.7,2016-08-05T02:14:24.000000Z,2016-08-05T02:16:40.704575Z,P,9.44623727755,201608050206407045,201608050231407045
459,-157.1383,56.5309,71.7,2.1,2016-09-27T08:51:53.000000Z,2016-09-27T08:54:07.233718Z,P,9.52064759526,201609270844072337,201609270909072337
304,-157.5412,56.6322,98.8,2.3,2016-08-02T18:15:16.000000Z,2016-08-02T18:17:30.164441Z,P,9.52486634405,201608021807301644,201608021832301644
457,-157.4743,56.46,65.9,2.1,2016-08-20T14:12:13.000000Z,2016-08-20T14:14:29.228574Z,P,9.66386123317,201608201404292285,201608201429292285
118,-155.9464,56.0377,57.3,2.8,2016-08-01T03:27:32.000000Z,2016-08-01T03:29:48.993545Z,P,9.71491275866,201608010319489935,201608010344489935
277,-157.5177,56.4131,81.4,2.3,2016-09-23T16:09:24.000000Z,2016-09-23T16:11:40.848021Z,P,9.71652194972,201609231601408480,201609231626408480
410,-154.2593,55.6019,39.5,2.2,2016-07-30T01:02:45.000000Z,2016-07-30T01:05:03.603253Z,P,9.82016469655,201607300055036032,201607300120036032
280,-156.4474,55.9993,52.7,2.3,2016-09-14T00:08:39.000000Z,2016-09-14T00:10:57.939368Z,P,9.85427593508,201609140000579393,201609140025579393
426,-157.0747,56.0925,44.9,2.2,2016-08-02T14:27:37.000000Z,2016-08-02T14:29:56.714463Z,P,9.90543917987,201608021419567144,201608021444567144
235,-158.0124,56.3091,85.0,2.4,2016-09-18T11:42:15.000000Z,2016-09-18T11:44:34.732178Z,P,9.9296164844,201609181134347321,201609181159347321
480,-157.9345,56.1427,84.1,2.1,2016-09-08T21:09:29.000000Z,2016-09-08T21:11:50.517600Z,P,10.0603073633,201609082101505176,201609082126505176
119,-158.9687,56.4312,14.32,2.8,2016-08-21T09:36:42.210000Z,2016-08-21T09:39:06.261135Z,P,10.0642786694,201608210929062611,201608210954062611
94,-153.107,55.148,10.0,2.9,2016-08-28T08:41:51.810000Z,2016-08-28T08:44:16.736854Z,P,10.0902427518,201608280834167368,201608280859167368
158,-158.9889,56.3934,13.3,2.6,2016-09-28T00:36:26.000000Z,2016-09-28T00:38:50.702200Z,P,10.1028463652,201609280028507022,201609280053507022
31,-157.5529,55.9888,38.5,3.5,2016-09-09T12:54:20.000000Z,2016-09-09T12:56:42.573772Z,P,10.1093599135,201609091246425737,201609091311425737
146,-157.5368,55.9746,38.1,2.6,2016-09-09T15:02:47.000000Z,2016-09-09T15:05:09.704042Z,P,10.1185487682,201609091455097040,201609091520097040
316,-158.1502,55.9812,56.5,2.3,2016-08-02T06:16:15.000000Z,2016-08-02T06:18:39.423864Z,P,10.258037934299999,201608020608394238,201608020633394238
107,-158.855,56.1141,3.66,2.8,2016-08-02T14:53:51.220000Z,2016-08-02T14:56:19.989452Z,P,10.3150026649,201608021446199894,201608021511199894
323,-159.1283,56.097,90.2,2.3,2016-09-05T17:30:28.000000Z,2016-09-05T17:32:54.118668Z,P,10.4007930444,201609051722541186,201609051747541186
51,-156.9178,55.5015,13.6,3.2,2016-08-29T05:02:36.000000Z,2016-08-29T05:05:04.944177Z,P,10.415205212,201608290455049441,201608290520049441
0,-158.362,55.7872,6.8,5.0,2016-08-27T15:14:05.830000Z,2016-08-27T15:16:36.540180Z,P,10.4843492591,201608271506365401,201608271531365401
114,-158.467,55.69,46.1,2.8,2016-07-31T18:09:30.900000Z,2016-07-31T18:12:00.070103Z,P,10.5975547656,20160731180200701,20160731182700701
46,-158.3548,55.4496,24.36,3.2,2016-08-14T03:30:50.380000Z,2016-08-14T03:33:23.257639Z,P,10.7879570962,201608140323232576,201608140348232576
71,-158.5206,55.476000000000006,18.05,3.0,2016-08-13T11:07:05.770000Z,2016-08-13T11:09:39.499456Z,P,10.8038363809,201608131059394994,201608131124394994
398,-158.309,55.4158,24.7,2.2,2016-09-28T08:15:02.000000Z,2016-09-28T08:17:35.117424Z,P,10.8077513568,201609280807351174,201609280832351174
125,-159.241,55.6623,75.06,2.7,2016-09-18T19:30:23.590000Z,2016-09-18T19:32:55.465464Z,P,10.8157932324,201609181922554654,201609181947554654
132,-158.32299999999998,55.367,25.9,2.7,2016-08-24T16:29:36.740000Z,2016-08-24T16:32:10.399899Z,P,10.855417768499999,201608241622103998,201608241647103998
72,-158.483,55.4044,35.0,3.0,2016-08-12T21:21:42.320000Z,2016-08-12T21:24:15.204605Z,P,10.859612244800001,201608122114152046,201608122139152046
56,-158.3963,55.376000000000005,35.25,3.1,2016-09-05T17:49:18.180000Z,2016-09-05T17:51:51.130410Z,P,10.8646473928,201609051741511304,201609051806511304
416,-158.3555,55.3541,27.0,2.2,2016-09-26T12:59:06.000000Z,2016-09-26T13:01:39.825028Z,P,10.874844819100002,201609261251398250,201609261316398250
25,-158.3999,55.3625,9.6,3.6,2016-08-03T05:25:22.000000Z,2016-08-03T05:27:57.759120Z,P,10.8777626404,201608030517577591,201608030542577591
6,-157.6858,55.1389,35.11,4.2,2016-09-21T22:11:59.650000Z,2016-09-21T22:14:33.328300Z,P,10.9177095842,201609212204333283,201609212229333283
11,-158.4323,55.3207,39.76,4.1,2016-08-28T20:40:51.340000Z,2016-08-28T20:43:25.039773Z,P,10.923437075699999,20160828203325397,20160828205825397
246,-157.97299999999998,55.1148,37.6,2.4,2016-09-28T01:15:28.000000Z,2016-09-28T01:18:02.835235Z,P,11.004520456,201609280108028352,201609280133028352
3,-158.541,55.256,25.4,4.3,2016-08-30T04:42:58.880000Z,2016-08-30T04:45:34.675493Z,P,11.0081118337,201608300435346754,201608300500346754
254,-158.537,55.2481,12.8,2.4,2016-09-27T05:41:39.000000Z,2016-09-27T05:44:16.242816Z,P,11.0143293525,201609270534162428,201609270559162428
58,-159.767,55.5667,80.46,3.1,2016-08-05T19:58:22.150000Z,2016-08-05T20:00:56.998302Z,P,11.0371395654,201608051950569983,201608052015569983
209,-159.235,55.1029,10.5,2.5,2016-09-18T06:46:04.000000Z,2016-09-18T06:48:45.643164Z,P,11.315621901199998,201609180638456431,201609180703456431
354,-159.4684,55.1657,18.4,2.2,2016-09-10T06:50:51.000000Z,2016-09-10T06:53:31.718468Z,P,11.317604106900001,201609100643317184,201609100708317184
463,-159.7597,55.1964,5.6,2.1,2016-09-28T09:42:48.000000Z,2016-09-28T09:45:30.902137Z,P,11.3644418473,201609280935309021,201609281000309021
